-172000000 Thu4  20 7 1994 6 13 20
-171914000 Thu5  21 7 1994 6 6 40
-171828000 Thu6  22 7 1994 6 0 0
-171742000 Thu7  23 7 1994 5 53 20
-171656000 CN  24 7 1994 5 46 40
-171570000 Thu2  25 7 1994 5 40 0
-171484000 Thu3  26 7 1994 5 33 20
-171398000 Thu4  27 7 1994 5 26 40
-171312000 Thu5  28 7 1994 5 20 0
-171226000 Thu6  29 7 1994 5 13 20
-171140000 Thu7  30 7 1994 5 6 40
-171054000 CN  31 7 1994 5 0 0
-170968000 Thu2  1 8 1994 4 53 20
-170882000 Thu3  2 8 1994 4 46 40
-170796000 Thu4  3 8 1994 4 40 0
-170710000 Thu5  4 8 1994 4 33 20
-170624000 Thu6  5 8 1994 4 26 40
-170538000 Thu7  6 8 1994 4 20 0
-170452000 CN  7 8 1994 4 13 20
-170366000 Thu2  8 8 1994 4 6 40
-170280000 Thu3  9 8 1994 4 0 0
-170194000 Thu4  10 8 1994 3 53 20
-170108000 Thu5  11 8 1994 3 46 40
-170022000 Thu6  12 8 1994 3 40 0
-169936000 Thu7  13 8 1994 3 33 20
-169850000 CN  14 8 1994 3 26 40
-169764000 Thu2  15 8 1994 3 20 0
-169678000 Thu3  16 8 1994 3 13 20
-169592000 Thu4  17 8 1994 3 6 40
-169506000 Thu5  18 8 1994 3 0 0
-169420000 Thu6  19 8 1994 2 53 20
-169334000 Thu7  20 8 1994 2 46 40
-169248000 CN  21 8 1994 2 40 0
-169162000 Thu2  22 8 1994 2 33 20
-169076000 Thu3  23 8 1994 2 26 40
-168990000 Thu4  24 8 1994 2 20 0
-168904000 Thu5  25 8 1994 2 13 20
-168818000 Thu6  26 8 1994 2 6 40
-168732000 Thu7  27 8 1994 2 0 0
-168646000 CN  28 8 1994 1 53 20
-168560000 Thu2  29 8 1994 1 46 40
-168474000 Thu3  30 8 1994 1 40 0
-168388000 Thu4  31 8 1994 1 33 20
-168302000 Thu5  1 9 1994 1 26 40
-168216000 Thu6  2 9 1994 1 20 0
-168130000 Thu7  3 9 1994 1 13 20
-168044000 CN  4 9 1994 1 6 40
-167958000 Thu2  5 9 1994 1 0 0
-167872000 Thu3  6 9 1994 0 53 20
-167786000 Thu4  7 9 1994 0 46 40
-167700000 Thu5  8 9 1994 0 40 0
-167614000 Thu6  9 9 1994 0 33 20
-167528000 Thu7  10 9 1994 0 26 40
-167442000 CN  11 9 1994 0 20 0
-167356000 Thu2  12 9 1994 0 13 20
-167270000 Thu3  13 9 1994 0 6 40
-167184000 Thu3  14 9 1994 0 0 0
-167098000 Thu4  14 9 1994 23 53 20
-167012000 Thu5  15 9 1994 23 46 40
-166926000 Thu6  16 9 1994 23 40 0
-166840000 Thu7  17 9 1994 23 33 20
-166754000 CN  18 9 1994 23 26 40
-166668000 Thu2  19 9 1994 23 20 0
-166582000 Thu3  20 9 1994 23 13 20
-166496000 Thu4  21 9 1994 23 6 40
-166410000 Thu5  22 9 1994 23 0 0
-166324000 Thu6  23 9 1994 22 53 20
-166238000 Thu7  24 9 1994 22 46 40
-166152000 CN  25 9 1994 22 40 0
-166066000 Thu2  26 9 1994 22 33 20
-165980000 Thu3  27 9 1994 22 26 40
-165894000 Thu4  28 9 1994 22 20 0
-165808000 Thu5  29 9 1994 22 13 20
-165722000 Thu6  30 9 1994 22 6 40
-165636000 Thu7  1 10 1994 22 0 0
-165550000 CN  2 10 1994 21 53 20
-165464000 Thu2  3 10 1994 21 46 40
-165378000 Thu3  4 10 1994 21 40 0
-165292000 Thu4  5 10 1994 21 33 20
-165206000 Thu5  6 10 1994 21 26 40
-165120000 Thu6  7 10 1994 21 20 0
-165034000 Thu7  8 10 1994 21 13 20
-164948000 CN  9 10 1994 21 6 40
-164862000 Thu2  10 10 1994 21 0 0
-164776000 Thu3  11 10 1994 20 53 20
-164690000 Thu4  12 10 1994 20 46 40
-164604000 Thu5  13 10 1994 20 40 0
-164518000 Thu6  14 10 1994 20 33 20
-164432000 Thu7  15 10 1994 20 26 40
-164346000 CN  16 10 1994 20 20 0
-164260000 Thu2  17 10 1994 20 13 20
-164174000 Thu3  18 10 1994 20 6 40
-164088000 Thu4  19 10 1994 20 0 0
-164002000 Thu5  20 10 1994 19 53 20
-163916000 Thu6  21 10 1994 19 46 40
-163830000 Thu7  22 10 1994 19 40 0
-163744000 CN  23 10 1994 19 33 20
-163658000 Thu2  24 10 1994 19 26 40
-163572000 Thu3  25 10 1994 19 20 0
-163486000 Thu4  26 10 1994 19 13 20
-163400000 Thu5  27 10 1994 19 6 40
-163314000 Thu6  28 10 1994 19 0 0
-163228000 Thu7  29 10 1994 18 53 20
-163142000 CN  30 10 1994 18 46 40
-163056000 Thu2  31 10 1994 18 40 0
-162970000 Thu3  1 11 1994 18 33 20
-162884000 Thu4  2 11 1994 18 26 40
-162798000 Thu5  3 11 1994 18 20 0
-162712000 Thu6  4 11 1994 18 13 20
-162626000 Thu7  5 11 1994 18 6 40
-162540000 CN  6 11 1994 18 0 0
-162454000 Thu2  7 11 1994 17 53 20
-162368000 Thu3  8 11 1994 17 46 40
-162282000 Thu4  9 11 1994 17 40 0
-162196000 Thu5  10 11 1994 17 33 20
-162110000 Thu6  11 11 1994 17 26 40
-162024000 Thu7  12 11 1994 17 20 0
-161938000 CN  13 11 1994 17 13 20
-161852000 Thu2  14 11 1994 17 6 40
-161766000 Thu3  15 11 1994 17 0 0
-161680000 Thu4  16 11 1994 16 53 20
-161594000 Thu5  17 11 1994 16 46 40
-161508000 Thu6  18 11 1994 16 40 0
-161422000 Thu7  19 11 1994 16 33 20
-161336000 CN  20 11 1994 16 26 40
-161250000 Thu2  21 11 1994 16 20 0
-161164000 Thu3  22 11 1994 16 13 20
-161078000 Thu4  23 11 1994 16 6 40
-160992000 Thu5  24 11 1994 16 0 0
-160906000 Thu6  25 11 1994 15 53 20
-160820000 Thu7  26 11 1994 15 46 40
-160734000 CN  27 11 1994 15 40 0
-160648000 Thu2  28 11 1994 15 33 20
-160562000 Thu3  29 11 1994 15 26 40
-160476000 Thu4  30 11 1994 15 20 0
-160390000 Thu5  1 12 1994 15 13 20
-160304000 Thu6  2 12 1994 15 6 40
-160218000 Thu7  3 12 1994 15 0 0
-160132000 CN  4 12 1994 14 53 20
-160046000 Thu2  5 12 1994 14 46 40
-159960000 Thu3  6 12 1994 14 40 0
-159874000 Thu4  7 12 1994 14 33 20
-159788000 Thu5  8 12 1994 14 26 40
-159702000 Thu6  9 12 1994 14 20 0
-159616000 Thu7  10 12 1994 14 13 20
-159530000 CN  11 12 1994 14 6 40
-159444000 Thu2  12 12 1994 14 0 0
-159358000 Thu3  13 12 1994 13 53 20
-159272000 Thu4  14 12 1994 13 46 40
-159186000 Thu5  15 12 1994 13 40 0
-159100000 Thu6  16 12 1994 13 33 20
-159014000 Thu7  17 12 1994 13 26 40
-158928000 CN  18 12 1994 13 20 0
-158842000 Thu2  19 12 1994 13 13 20
-158756000 Thu3  20 12 1994 13 6 40
-158670000 Thu4  21 12 1994 13 0 0
-158584000 Thu5  22 12 1994 12 53 20
-158498000 Thu6  23 12 1994 12 46 40
-158412000 Thu7  24 12 1994 12 40 0
-158326000 CN  25 12 1994 12 33 20
-158240000 Thu2  26 12 1994 12 26 40
-158154000 Thu3  27 12 1994 12 20 0
-158068000 Thu4  28 12 1994 12 13 20
-157982000 Thu5  29 12 1994 12 6 40
-157896000 Thu6  30 12 1994 12 0 0
-157810000 Thu7  31 12 1994 11 53 20
-157724000 CN  1 1 1995 11 46 40
-157638000 Thu2  2 1 1995 11 40 0
-157552000 Thu3  3 1 1995 11 33 20
-157466000 Thu4  4 1 1995 11 26 40
-157380000 Thu5  5 1 1995 11 20 0
-157294000 Thu6  6 1 1995 11 13 20
-157208000 Thu7  7 1 1995 11 6 40
-157122000 CN  8 1 1995 11 0 0
-157036000 Thu2  9 1 1995 10 53 20
-156950000 Thu3  10 1 1995 10 46 40
-156864000 Thu4  11 1 1995 10 40 0
-156778000 Thu5  12 1 1995 10 33 20
-156692000 Thu6  13 1 1995 10 26 40
-156606000 Thu7  14 1 1995 10 20 0
-156520000 CN  15 1 1995 10 13 20
-156434000 Thu2  16 1 1995 10 6 40
-156348000 Thu3  17 1 1995 10 0 0
-156262000 Thu4  18 1 1995 9 53 20
-156176000 Thu5  19 1 1995 9 46 40
-156090000 Thu6  20 1 1995 9 40 0
-156004000 Thu7  21 1 1995 9 33 20
-155918000 CN  22 1 1995 9 26 40
-155832000 Thu2  23 1 1995 9 20 0
-155746000 Thu3  24 1 1995 9 13 20
-155660000 Thu4  25 1 1995 9 6 40
-155574000 Thu5  26 1 1995 9 0 0
-155488000 Thu6  27 1 1995 8 53 20
-155402000 Thu7  28 1 1995 8 46 40
-155316000 CN  29 1 1995 8 40 0
-155230000 Thu2  30 1 1995 8 33 20
-155144000 Thu3  31 1 1995 8 26 40
-155058000 Thu4  1 2 1995 8 20 0
-154972000 Thu5  2 2 1995 8 13 20
-154886000 Thu6  3 2 1995 8 6 40
-154800000 Thu7  4 2 1995 8 0 0
-154714000 CN  5 2 1995 7 53 20
-154628000 Thu2  6 2 1995 7 46 40
-154542000 Thu3  7 2 1995 7 40 0
-154456000 Thu4  8 2 1995 7 33 20
-154370000 Thu5  9 2 1995 7 26 40
-154284000 Thu6  10 2 1995 7 20 0
-154198000 Thu7  11 2 1995 7 13 20
-154112000 CN  12 2 1995 7 6 40
-154026000 Thu2  13 2 1995 7 0 0
-153940000 Thu3  14 2 1995 6 53 20
-153854000 Thu4  15 2 1995 6 46 40
-153768000 Thu5  16 2 1995 6 40 0
-153682000 Thu6  17 2 1995 6 33 20
-153596000 Thu7  18 2 1995 6 26 40
-153510000 CN  19 2 1995 6 20 0
-153424000 Thu2  20 2 1995 6 13 20
-153338000 Thu3  21 2 1995 6 6 40
-153252000 Thu4  22 2 1995 6 0 0
-153166000 Thu5  23 2 1995 5 53 20
-153080000 Thu6  24 2 1995 5 46 40
-152994000 Thu7  25 2 1995 5 40 0
-152908000 CN  26 2 1995 5 33 20
-152822000 Thu2  27 2 1995 5 26 40
-152736000 Thu3  28 2 1995 5 20 0
-152650000 Thu4  1 3 1995 5 13 20
-152564000 Thu5  2 3 1995 5 6 40
-152478000 Thu6  3 3 1995 5 0 0
-152392000 Thu7  4 3 1995 4 53 20
-152306000 CN  5 3 1995 4 46 40
-152220000 Thu2  6 3 1995 4 40 0
-152134000 Thu3  7 3 1995 4 33 20
-152048000 Thu4  8 3 1995 4 26 40
-151962000 Thu5  9 3 1995 4 20 0
-151876000 Thu6  10 3 1995 4 13 20
-151790000 Thu7  11 3 1995 4 6 40
-151704000 CN  12 3 1995 4 0 0
-151618000 Thu2  13 3 1995 3 53 20
-151532000 Thu3  14 3 1995 3 46 40
-151446000 Thu4  15 3 1995 3 40 0
-151360000 Thu5  16 3 1995 3 33 20
-151274000 Thu6  17 3 1995 3 26 40
-151188000 Thu7  18 3 1995 3 20 0
-151102000 CN  19 3 1995 3 13 20
-151016000 Thu2  20 3 1995 3 6 40
-150930000 Thu3  21 3 1995 3 0 0
-150844000 Thu4  22 3 1995 2 53 20
-150758000 Thu5  23 3 1995 2 46 40
-150672000 Thu6  24 3 1995 2 40 0
-150586000 Thu7  25 3 1995 2 33 20
-150500000 CN  26 3 1995 2 26 40
-150414000 Thu2  27 3 1995 2 20 0
-150328000 Thu3  28 3 1995 2 13 20
-150242000 Thu4  29 3 1995 2 6 40
-150156000 Thu5  30 3 1995 2 0 0
-150070000 Thu6  31 3 1995 1 53 20
-149984000 Thu7  1 4 1995 1 46 40
-149898000 CN  2 4 1995 1 40 0
-149812000 Thu2  3 4 1995 1 33 20
-149726000 Thu3  4 4 1995 1 26 40
-149640000 Thu4  5 4 1995 1 20 0
-149554000 Thu5  6 4 1995 1 13 20
-149468000 Thu6  7 4 1995 1 6 40
-149382000 Thu7  8 4 1995 1 0 0
-149296000 CN  9 4 1995 0 53 20
-149210000 Thu2  10 4 1995 0 46 40
-149124000 Thu3  11 4 1995 0 40 0
-149038000 Thu4  12 4 1995 0 33 20
-148952000 Thu5  13 4 1995 0 26 40
-148866000 Thu6  14 4 1995 0 20 0
-148780000 Thu7  15 4 1995 0 13 20
-148694000 CN  16 4 1995 0 6 40
-148608000 CN  17 4 1995 0 0 0
-148522000 Thu2  17 4 1995 23 53 20
-148436000 Thu3  18 4 1995 23 46 40
-148350000 Thu4  19 4 1995 23 40 0
-148264000 Thu5  20 4 1995 23 33 20
-148178000 Thu6  21 4 1995 23 26 40
-148092000 Thu7  22 4 1995 23 20 0
-148006000 CN  23 4 1995 23 13 20
-147920000 Thu2  24 4 1995 23 6 40
-147834000 Thu3  25 4 1995 23 0 0
-147748000 Thu4  26 4 1995 22 53 20
-147662000 Thu5  27 4 1995 22 46 40
-147576000 Thu6  28 4 1995 22 40 0
-147490000 Thu7  29 4 1995 22 33 20
-147404000 CN  30 4 1995 22 26 40
-147318000 Thu2  1 5 1995 22 20 0
-147232000 Thu3  2 5 1995 22 13 20
-147146000 Thu4  3 5 1995 22 6 40
-147060000 Thu5  4 5 1995 22 0 0
-146974000 Thu6  5 5 1995 21 53 20
-146888000 Thu7  6 5 1995 21 46 40
-146802000 CN  7 5 1995 21 40 0
-146716000 Thu2  8 5 1995 21 33 20
-146630000 Thu3  9 5 1995 21 26 40
-146544000 Thu4  10 5 1995 21 20 0
-146458000 Thu5  11 5 1995 21 13 20
-146372000 Thu6  12 5 1995 21 6 40
-146286000 Thu7  13 5 1995 21 0 0
-146200000 CN  14 5 1995 20 53 20
-146114000 Thu2  15 5 1995 20 46 40
-146028000 Thu3  16 5 1995 20 40 0
-145942000 Thu4  17 5 1995 20 33 20
-145856000 Thu5  18 5 1995 20 26 40
-145770000 Thu6  19 5 1995 20 20 0
-145684000 Thu7  20 5 1995 20 13 20
-145598000 CN  21 5 1995 20 6 40
-145512000 Thu2  22 5 1995 20 0 0
-145426000 Thu3  23 5 1995 19 53 20
-145340000 Thu4  24 5 1995 19 46 40
-145254000 Thu5  25 5 1995 19 40 0
-145168000 Thu6  26 5 1995 19 33 20
-145082000 Thu7  27 5 1995 19 26 40
-144996000 CN  28 5 1995 19 20 0
-144910000 Thu2  29 5 1995 19 13 20
-144824000 Thu3  30 5 1995 19 6 40
-144738000 Thu4  31 5 1995 19 0 0
-144652000 Thu5  1 6 1995 18 53 20
-144566000 Thu6  2 6 1995 18 46 40
-144480000 Thu7  3 6 1995 18 40 0
-144394000 CN  4 6 1995 18 33 20
-144308000 Thu2  5 6 1995 18 26 40
-144222000 Thu3  6 6 1995 18 20 0
-144136000 Thu4  7 6 1995 18 13 20
-144050000 Thu5  8 6 1995 18 6 40
-143964000 Thu6  9 6 1995 18 0 0
-143878000 Thu7  10 6 1995 17 53 20
-143792000 CN  11 6 1995 17 46 40
-143706000 Thu2  12 6 1995 17 40 0
-143620000 Thu3  13 6 1995 17 33 20
-143534000 Thu4  14 6 1995 17 26 40
-143448000 Thu5  15 6 1995 17 20 0
-143362000 Thu6  16 6 1995 17 13 20
-143276000 Thu7  17 6 1995 17 6 40
-143190000 CN  18 6 1995 17 0 0
-143104000 Thu2  19 6 1995 16 53 20
-143018000 Thu3  20 6 1995 16 46 40
-142932000 Thu4  21 6 1995 16 40 0
-142846000 Thu5  22 6 1995 16 33 20
-142760000 Thu6  23 6 1995 16 26 40
-142674000 Thu7  24 6 1995 16 20 0
-142588000 CN  25 6 1995 16 13 20
-142502000 Thu2  26 6 1995 16 6 40
-142416000 Thu3  27 6 1995 16 0 0
-142330000 Thu4  28 6 1995 15 53 20
-142244000 Thu5  29 6 1995 15 46 40
-142158000 Thu6  30 6 1995 15 40 0
-142072000 Thu7  1 7 1995 15 33 20
-141986000 CN  2 7 1995 15 26 40
-141900000 Thu2  3 7 1995 15 20 0
-141814000 Thu3  4 7 1995 15 13 20
-141728000 Thu4  5 7 1995 15 6 40
-141642000 Thu5  6 7 1995 15 0 0
-141556000 Thu6  7 7 1995 14 53 20
-141470000 Thu7  8 7 1995 14 46 40
-141384000 CN  9 7 1995 14 40 0
-141298000 Thu2  10 7 1995 14 33 20
-141212000 Thu3  11 7 1995 14 26 40
-141126000 Thu4  12 7 1995 14 20 0
-141040000 Thu5  13 7 1995 14 13 20
-140954000 Thu6  14 7 1995 14 6 40
-140868000 Thu7  15 7 1995 14 0 0
-140782000 CN  16 7 1995 13 53 20
-140696000 Thu2  17 7 1995 13 46 40
-140610000 Thu3  18 7 1995 13 40 0
-140524000 Thu4  19 7 1995 13 33 20
-140438000 Thu5  20 7 1995 13 26 40
-140352000 Thu6  21 7 1995 13 20 0
-140266000 Thu7  22 7 1995 13 13 20
-140180000 CN  23 7 1995 13 6 40
-140094000 Thu2  24 7 1995 13 0 0
-140008000 Thu3  25 7 1995 12 53 20
-139922000 Thu4  26 7 1995 12 46 40
-139836000 Thu5  27 7 1995 12 40 0
-139750000 Thu6  28 7 1995 12 33 20
-139664000 Thu7  29 7 1995 12 26 40
-139578000 CN  30 7 1995 12 20 0
-139492000 Thu2  31 7 1995 12 13 20
-139406000 Thu3  1 8 1995 12 6 40
-139320000 Thu4  2 8 1995 12 0 0
-139234000 Thu5  3 8 1995 11 53 20
-139148000 Thu6  4 8 1995 11 46 40
-139062000 Thu7  5 8 1995 11 40 0
-138976000 CN  6 8 1995 11 33 20
-138890000 Thu2  7 8 1995 11 26 40
-138804000 Thu3  8 8 1995 11 20 0
-138718000 Thu4  9 8 1995 11 13 20
-138632000 Thu5  10 8 1995 11 6 40
-138546000 Thu6  11 8 1995 11 0 0
-138460000 Thu7  12 8 1995 10 53 20
-138374000 CN  13 8 1995 10 46 40
-138288000 Thu2  14 8 1995 10 40 0
-138202000 Thu3  15 8 1995 10 33 20
-138116000 Thu4  16 8 1995 10 26 40
-138030000 Thu5  17 8 1995 10 20 0
-137944000 Thu6  18 8 1995 10 13 20
-137858000 Thu7  19 8 1995 10 6 40
-137772000 CN  20 8 1995 10 0 0
-137686000 Thu2  21 8 1995 9 53 20
-137600000 Thu3  22 8 1995 9 46 40
-137514000 Thu4  23 8 1995 9 40 0
-137428000 Thu5  24 8 1995 9 33 20
-137342000 Thu6  25 8 1995 9 26 40
-137256000 Thu7  26 8 1995 9 20 0
-137170000 CN  27 8 1995 9 13 20
-137084000 Thu2  28 8 1995 9 6 40
-136998000 Thu3  29 8 1995 9 0 0
-136912000 Thu4  30 8 1995 8 53 20
-136826000 Thu5  31 8 1995 8 46 40
-136740000 Thu6  1 9 1995 8 40 0
-136654000 Thu7  2 9 1995 8 33 20
-136568000 CN  3 9 1995 8 26 40
-136482000 Thu2  4 9 1995 8 20 0
-136396000 Thu3  5 9 1995 8 13 20
-136310000 Thu4  6 9 1995 8 6 40
-136224000 Thu5  7 9 1995 8 0 0
-136138000 Thu6  8 9 1995 7 53 20
-136052000 Thu7  9 9 1995 7 46 40
-135966000 CN  10 9 1995 7 40 0
-135880000 Thu2  11 9 1995 7 33 20
-135794000 Thu3  12 9 1995 7 26 40
-135708000 Thu4  13 9 1995 7 20 0
-135622000 Thu5  14 9 1995 7 13 20
-135536000 Thu6  15 9 1995 7 6 40
-135450000 Thu7  16 9 1995 7 0 0
-135364000 CN  17 9 1995 6 53 20
-135278000 Thu2  18 9 1995 6 46 40
-135192000 Thu3  19 9 1995 6 40 0
-135106000 Thu4  20 9 1995 6 33 20
-135020000 Thu5  21 9 1995 6 26 40
-134934000 Thu6  22 9 1995 6 20 0
-134848000 Thu7  23 9 1995 6 13 20
-134762000 CN  24 9 1995 6 6 40
-134676000 Thu2  25 9 1995 6 0 0
-134590000 Thu3  26 9 1995 5 53 20
-134504000 Thu4  27 9 1995 5 46 40
-134418000 Thu5  28 9 1995 5 40 0
-134332000 Thu6  29 9 1995 5 33 20
-134246000 Thu7  30 9 1995 5 26 40
-134160000 CN  1 10 1995 5 20 0
-134074000 Thu2  2 10 1995 5 13 20
-133988000 Thu3  3 10 1995 5 6 40
-133902000 Thu4  4 10 1995 5 0 0
-133816000 Thu5  5 10 1995 4 53 20
-133730000 Thu6  6 10 1995 4 46 40
-133644000 Thu7  7 10 1995 4 40 0
-133558000 CN  8 10 1995 4 33 20
-133472000 Thu2  9 10 1995 4 26 40
-133386000 Thu3  10 10 1995 4 20 0
-133300000 Thu4  11 10 1995 4 13 20
-133214000 Thu5  12 10 1995 4 6 40
-133128000 Thu6  13 10 1995 4 0 0
-133042000 Thu7  14 10 1995 3 53 20
-132956000 CN  15 10 1995 3 46 40
-132870000 Thu2  16 10 1995 3 40 0
-132784000 Thu3  17 10 1995 3 33 20
-132698000 Thu4  18 10 1995 3 26 40
-132612000 Thu5  19 10 1995 3 20 0
-132526000 Thu6  20 10 1995 3 13 20
-132440000 Thu7  21 10 1995 3 6 40
-132354000 CN  22 10 1995 3 0 0
-132268000 Thu2  23 10 1995 2 53 20
-132182000 Thu3  24 10 1995 2 46 40
-132096000 Thu4  25 10 1995 2 40 0
-132010000 Thu5  26 10 1995 2 33 20
-131924000 Thu6  27 10 1995 2 26 40
-131838000 Thu7  28 10 1995 2 20 0
-131752000 CN  29 10 1995 2 13 20
-131666000 Thu2  30 10 1995 2 6 40
-131580000 Thu3  31 10 1995 2 0 0
-131494000 Thu4  1 11 1995 1 53 20
-131408000 Thu5  2 11 1995 1 46 40
-131322000 Thu6  3 11 1995 1 40 0
-131236000 Thu7  4 11 1995 1 33 20
-131150000 CN  5 11 1995 1 26 40
-131064000 Thu2  6 11 1995 1 20 0
-130978000 Thu3  7 11 1995 1 13 20
-130892000 Thu4  8 11 1995 1 6 40
-130806000 Thu5  9 11 1995 1 0 0
-130720000 Thu6  10 11 1995 0 53 20
-130634000 Thu7  11 11 1995 0 46 40
-130548000 CN  12 11 1995 0 40 0
-130462000 Thu2  13 11 1995 0 33 20
-130376000 Thu3  14 11 1995 0 26 40
-130290000 Thu4  15 11 1995 0 20 0
-130204000 Thu5  16 11 1995 0 13 20
-130118000 Thu6  17 11 1995 0 6 40
-130032000 Thu6  18 11 1995 0 0 0
-129946000 Thu7  18 11 1995 23 53 20
-129860000 CN  19 11 1995 23 46 40
-129774000 Thu2  20 11 1995 23 40 0
-129688000 Thu3  21 11 1995 23 33 20
-129602000 Thu4  22 11 1995 23 26 40
-129516000 Thu5  23 11 1995 23 20 0
-129430000 Thu6  24 11 1995 23 13 20
-129344000 Thu7  25 11 1995 23 6 40
-129258000 CN  26 11 1995 23 0 0
-129172000 Thu2  27 11 1995 22 53 20
-129086000 Thu3  28 11 1995 22 46 40
-129000000 Thu4  29 11 1995 22 40 0
-128914000 Thu5  30 11 1995 22 33 20
-128828000 Thu6  1 12 1995 22 26 40
-128742000 Thu7  2 12 1995 22 20 0
-128656000 CN  3 12 1995 22 13 20
-128570000 Thu2  4 12 1995 22 6 40
-128484000 Thu3  5 12 1995 22 0 0
-128398000 Thu4  6 12 1995 21 53 20
-128312000 Thu5  7 12 1995 21 46 40
-128226000 Thu6  8 12 1995 21 40 0
-128140000 Thu7  9 12 1995 21 33 20
-128054000 CN  10 12 1995 21 26 40
-127968000 Thu2  11 12 1995 21 20 0
-127882000 Thu3  12 12 1995 21 13 20
-127796000 Thu4  13 12 1995 21 6 40
-127710000 Thu5  14 12 1995 21 0 0
-127624000 Thu6  15 12 1995 20 53 20
-127538000 Thu7  16 12 1995 20 46 40
-127452000 CN  17 12 1995 20 40 0
-127366000 Thu2  18 12 1995 20 33 20
-127280000 Thu3  19 12 1995 20 26 40
-127194000 Thu4  20 12 1995 20 20 0
-127108000 Thu5  21 12 1995 20 13 20
-127022000 Thu6  22 12 1995 20 6 40
-126936000 Thu7  23 12 1995 20 0 0
-126850000 CN  24 12 1995 19 53 20
-126764000 Thu2  25 12 1995 19 46 40
-126678000 Thu3  26 12 1995 19 40 0
-126592000 Thu4  27 12 1995 19 33 20
-126506000 Thu5  28 12 1995 19 26 40
-126420000 Thu6  29 12 1995 19 20 0
-126334000 Thu7  30 12 1995 19 13 20
-126248000 CN  31 12 1995 19 6 40
-126162000 Thu2  1 1 1996 19 0 0
-126076000 Thu3  2 1 1996 18 53 20
-125990000 Thu4  3 1 1996 18 46 40
-125904000 Thu5  4 1 1996 18 40 0
-125818000 Thu6  5 1 1996 18 33 20
-125732000 Thu7  6 1 1996 18 26 40
-125646000 CN  7 1 1996 18 20 0
-125560000 Thu2  8 1 1996 18 13 20
-125474000 Thu3  9 1 1996 18 6 40
-125388000 Thu4  10 1 1996 18 0 0
-125302000 Thu5  11 1 1996 17 53 20
-125216000 Thu6  12 1 1996 17 46 40
-125130000 Thu7  13 1 1996 17 40 0
-125044000 CN  14 1 1996 17 33 20
-124958000 Thu2  15 1 1996 17 26 40
-124872000 Thu3  16 1 1996 17 20 0
-124786000 Thu4  17 1 1996 17 13 20
-124700000 Thu5  18 1 1996 17 6 40
-124614000 Thu6  19 1 1996 17 0 0
-124528000 Thu7  20 1 1996 16 53 20
-124442000 CN  21 1 1996 16 46 40
-124356000 Thu2  22 1 1996 16 40 0
-124270000 Thu3  23 1 1996 16 33 20
-124184000 Thu4  24 1 1996 16 26 40
-124098000 Thu5  25 1 1996 16 20 0
-124012000 Thu6  26 1 1996 16 13 20
-123926000 Thu7  27 1 1996 16 6 40
-123840000 CN  28 1 1996 16 0 0
-123754000 Thu2  29 1 1996 15 53 20
-123668000 Thu3  30 1 1996 15 46 40
-123582000 Thu4  31 1 1996 15 40 0
-123496000 Thu5  1 2 1996 15 33 20
-123410000 Thu6  2 2 1996 15 26 40
-123324000 Thu7  3 2 1996 15 20 0
-123238000 CN  4 2 1996 15 13 20
-123152000 Thu2  5 2 1996 15 6 40
-123066000 Thu3  6 2 1996 15 0 0
-122980000 Thu4  7 2 1996 14 53 20
-122894000 Thu5  8 2 1996 14 46 40
-122808000 Thu6  9 2 1996 14 40 0
-122722000 Thu7  10 2 1996 14 33 20
-122636000 CN  11 2 1996 14 26 40
-122550000 Thu2  12 2 1996 14 20 0
-122464000 Thu3  13 2 1996 14 13 20
-122378000 Thu4  14 2 1996 14 6 40
-122292000 Thu5  15 2 1996 14 0 0
-122206000 Thu6  16 2 1996 13 53 20
-122120000 Thu7  17 2 1996 13 46 40
-122034000 CN  18 2 1996 13 40 0
-121948000 Thu2  19 2 1996 13 33 20
-121862000 Thu3  20 2 1996 13 26 40
-121776000 Thu4  21 2 1996 13 20 0
-121690000 Thu5  22 2 1996 13 13 20
-121604000 Thu6  23 2 1996 13 6 40
-121518000 Thu7  24 2 1996 13 0 0
-121432000 CN  25 2 1996 12 53 20
-121346000 Thu2  26 2 1996 12 46 40
-121260000 Thu3  27 2 1996 12 40 0
-121174000 Thu4  28 2 1996 12 33 20
-121088000 Thu5  29 2 1996 12 26 40
-121002000 Thu6  1 3 1996 12 20 0
-120916000 Thu7  2 3 1996 12 13 20
-120830000 CN  3 3 1996 12 6 40
-120744000 Thu2  4 3 1996 12 0 0
-120658000 Thu3  5 3 1996 11 53 20
-120572000 Thu4  6 3 1996 11 46 40
-120486000 Thu5  7 3 1996 11 40 0
-120400000 Thu6  8 3 1996 11 33 20
-120314000 Thu7  9 3 1996 11 26 40
-120228000 CN  10 3 1996 11 20 0
-120142000 Thu2  11 3 1996 11 13 20
-120056000 Thu3  12 3 1996 11 6 40
-119970000 Thu4  13 3 1996 11 0 0
-119884000 Thu5  14 3 1996 10 53 20
-119798000 Thu6  15 3 1996 10 46 40
-119712000 Thu7  16 3 1996 10 40 0
-119626000 CN  17 3 1996 10 33 20
-119540000 Thu2  18 3 1996 10 26 40
-119454000 Thu3  19 3 1996 10 20 0
-119368000 Thu4  20 3 1996 10 13 20
-119282000 Thu5  21 3 1996 10 6 40
-119196000 Thu6  22 3 1996 10 0 0
-119110000 Thu7  23 3 1996 9 53 20
-119024000 CN  24 3 1996 9 46 40
-118938000 Thu2  25 3 1996 9 40 0
-118852000 Thu3  26 3 1996 9 33 20
-118766000 Thu4  27 3 1996 9 26 40
-118680000 Thu5  28 3 1996 9 20 0
-118594000 Thu6  29 3 1996 9 13 20
-118508000 Thu7  30 3 1996 9 6 40
-118422000 CN  31 3 1996 9 0 0
-118336000 Thu2  1 4 1996 8 53 20
-118250000 Thu3  2 4 1996 8 46 40
-118164000 Thu4  3 4 1996 8 40 0
-118078000 Thu5  4 4 1996 8 33 20
-117992000 Thu6  5 4 1996 8 26 40
-117906000 Thu7  6 4 1996 8 20 0
-117820000 CN  7 4 1996 8 13 20
-117734000 Thu2  8 4 1996 8 6 40
-117648000 Thu3  9 4 1996 8 0 0
-117562000 Thu4  10 4 1996 7 53 20
-117476000 Thu5  11 4 1996 7 46 40
-117390000 Thu6  12 4 1996 7 40 0
-117304000 Thu7  13 4 1996 7 33 20
-117218000 CN  14 4 1996 7 26 40
-117132000 Thu2  15 4 1996 7 20 0
-117046000 Thu3  16 4 1996 7 13 20
-116960000 Thu4  17 4 1996 7 6 40
-116874000 Thu5  18 4 1996 7 0 0
-116788000 Thu6  19 4 1996 6 53 20
-116702000 Thu7  20 4 1996 6 46 40
-116616000 CN  21 4 1996 6 40 0
-116530000 Thu2  22 4 1996 6 33 20
-116444000 Thu3  23 4 1996 6 26 40
-116358000 Thu4  24 4 1996 6 20 0
-116272000 Thu5  25 4 1996 6 13 20
-116186000 Thu6  26 4 1996 6 6 40
-116100000 Thu7  27 4 1996 6 0 0
-116014000 CN  28 4 1996 5 53 20
-115928000 Thu2  29 4 1996 5 46 40
-115842000 Thu3  30 4 1996 5 40 0
-115756000 Thu4  1 5 1996 5 33 20
-115670000 Thu5  2 5 1996 5 26 40
-115584000 Thu6  3 5 1996 5 20 0
-115498000 Thu7  4 5 1996 5 13 20
-115412000 CN  5 5 1996 5 6 40
-115326000 Thu2  6 5 1996 5 0 0
-115240000 Thu3  7 5 1996 4 53 20
-115154000 Thu4  8 5 1996 4 46 40
-115068000 Thu5  9 5 1996 4 40 0
-114982000 Thu6  10 5 1996 4 33 20
-114896000 Thu7  11 5 1996 4 26 40
-114810000 CN  12 5 1996 4 20 0
-114724000 Thu2  13 5 1996 4 13 20
-114638000 Thu3  14 5 1996 4 6 40
-114552000 Thu4  15 5 1996 4 0 0
-114466000 Thu5  16 5 1996 3 53 20
-114380000 Thu6  17 5 1996 3 46 40
-114294000 Thu7  18 5 1996 3 40 0
-114208000 CN  19 5 1996 3 33 20
-114122000 Thu2  20 5 1996 3 26 40
-114036000 Thu3  21 5 1996 3 20 0
-113950000 Thu4  22 5 1996 3 13 20
-113864000 Thu5  23 5 1996 3 6 40
-113778000 Thu6  24 5 1996 3 0 0
-113692000 Thu7  25 5 1996 2 53 20
-113606000 CN  26 5 1996 2 46 40
-113520000 Thu2  27 5 1996 2 40 0
-113434000 Thu3  28 5 1996 2 33 20
-113348000 Thu4  29 5 1996 2 26 40
-113262000 Thu5  30 5 1996 2 20 0
-113176000 Thu6  31 5 1996 2 13 20
-113090000 Thu7  1 6 1996 2 6 40
-113004000 CN  2 6 1996 2 0 0
-112918000 Thu2  3 6 1996 1 53 20
-112832000 Thu3  4 6 1996 1 46 40
-112746000 Thu4  5 6 1996 1 40 0
-112660000 Thu5  6 6 1996 1 33 20
-112574000 Thu6  7 6 1996 1 26 40
-112488000 Thu7  8 6 1996 1 20 0
-112402000 CN  9 6 1996 1 13 20
-112316000 Thu2  10 6 1996 1 6 40
-112230000 Thu3  11 6 1996 1 0 0
-112144000 Thu4  12 6 1996 0 53 20
-112058000 Thu5  13 6 1996 0 46 40
-111972000 Thu6  14 6 1996 0 40 0
-111886000 Thu7  15 6 1996 0 33 20
-111800000 CN  16 6 1996 0 26 40
-111714000 Thu2  17 6 1996 0 20 0
-111628000 Thu3  18 6 1996 0 13 20
-111542000 Thu4  19 6 1996 0 6 40
-111456000 Thu4  20 6 1996 0 0 0
-111370000 Thu5  20 6 1996 23 53 20
-111284000 Thu6  21 6 1996 23 46 40
-111198000 Thu7  22 6 1996 23 40 0
-111112000 CN  23 6 1996 23 33 20
-111026000 Thu2  24 6 1996 23 26 40
-110940000 Thu3  25 6 1996 23 20 0
-110854000 Thu4  26 6 1996 23 13 20
-110768000 Thu5  27 6 1996 23 6 40
-110682000 Thu6  28 6 1996 23 0 0
-110596000 Thu7  29 6 1996 22 53 20
-110510000 CN  30 6 1996 22 46 40
-110424000 Thu2  1 7 1996 22 40 0
-110338000 Thu3  2 7 1996 22 33 20
-110252000 Thu4  3 7 1996 22 26 40
-110166000 Thu5  4 7 1996 22 20 0
-110080000 Thu6  5 7 1996 22 13 20
-109994000 Thu7  6 7 1996 22 6 40
-109908000 CN  7 7 1996 22 0 0
-109822000 Thu2  8 7 1996 21 53 20
-109736000 Thu3  9 7 1996 21 46 40
-109650000 Thu4  10 7 1996 21 40 0
-109564000 Thu5  11 7 1996 21 33 20
-109478000 Thu6  12 7 1996 21 26 40
-109392000 Thu7  13 7 1996 21 20 0
-109306000 CN  14 7 1996 21 13 20
-109220000 Thu2  15 7 1996 21 6 40
-109134000 Thu3  16 7 1996 21 0 0
-109048000 Thu4  17 7 1996 20 53 20
-108962000 Thu5  18 7 1996 20 46 40
-108876000 Thu6  19 7 1996 20 40 0
-108790000 Thu7  20 7 1996 20 33 20
-108704000 CN  21 7 1996 20 26 40
-108618000 Thu2  22 7 1996 20 20 0
-108532000 Thu3  23 7 1996 20 13 20
-108446000 Thu4  24 7 1996 20 6 40
-108360000 Thu5  25 7 1996 20 0 0
-108274000 Thu6  26 7 1996 19 53 20
-108188000 Thu7  27 7 1996 19 46 40
-108102000 CN  28 7 1996 19 40 0
-108016000 Thu2  29 7 1996 19 33 20
-107930000 Thu3  30 7 1996 19 26 40
-107844000 Thu4  31 7 1996 19 20 0
-107758000 Thu5  1 8 1996 19 13 20
-107672000 Thu6  2 8 1996 19 6 40
-107586000 Thu7  3 8 1996 19 0 0
-107500000 CN  4 8 1996 18 53 20
-107414000 Thu2  5 8 1996 18 46 40
-107328000 Thu3  6 8 1996 18 40 0
-107242000 Thu4  7 8 1996 18 33 20
-107156000 Thu5  8 8 1996 18 26 40
-107070000 Thu6  9 8 1996 18 20 0
-106984000 Thu7  10 8 1996 18 13 20
-106898000 CN  11 8 1996 18 6 40
-106812000 Thu2  12 8 1996 18 0 0
-106726000 Thu3  13 8 1996 17 53 20
-106640000 Thu4  14 8 1996 17 46 40
-106554000 Thu5  15 8 1996 17 40 0
-106468000 Thu6  16 8 1996 17 33 20
-106382000 Thu7  17 8 1996 17 26 40
-106296000 CN  18 8 1996 17 20 0
-106210000 Thu2  19 8 1996 17 13 20
-106124000 Thu3  20 8 1996 17 6 40
-106038000 Thu4  21 8 1996 17 0 0
-105952000 Thu5  22 8 1996 16 53 20
-105866000 Thu6  23 8 1996 16 46 40
-105780000 Thu7  24 8 1996 16 40 0
-105694000 CN  25 8 1996 16 33 20
-105608000 Thu2  26 8 1996 16 26 40
-105522000 Thu3  27 8 1996 16 20 0
-105436000 Thu4  28 8 1996 16 13 20
-105350000 Thu5  29 8 1996 16 6 40
-105264000 Thu6  30 8 1996 16 0 0
-105178000 Thu7  31 8 1996 15 53 20
-105092000 CN  1 9 1996 15 46 40
-105006000 Thu2  2 9 1996 15 40 0
-104920000 Thu3  3 9 1996 15 33 20
-104834000 Thu4  4 9 1996 15 26 40
-104748000 Thu5  5 9 1996 15 20 0
-104662000 Thu6  6 9 1996 15 13 20
-104576000 Thu7  7 9 1996 15 6 40
-104490000 CN  8 9 1996 15 0 0
-104404000 Thu2  9 9 1996 14 53 20
-104318000 Thu3  10 9 1996 14 46 40
-104232000 Thu4  11 9 1996 14 40 0
-104146000 Thu5  12 9 1996 14 33 20
-104060000 Thu6  13 9 1996 14 26 40
-103974000 Thu7  14 9 1996 14 20 0
-103888000 CN  15 9 1996 14 13 20
-103802000 Thu2  16 9 1996 14 6 40
-103716000 Thu3  17 9 1996 14 0 0
-103630000 Thu4  18 9 1996 13 53 20
-103544000 Thu5  19 9 1996 13 46 40
-103458000 Thu6  20 9 1996 13 40 0
-103372000 Thu7  21 9 1996 13 33 20
-103286000 CN  22 9 1996 13 26 40
-103200000 Thu2  23 9 1996 13 20 0
-103114000 Thu3  24 9 1996 13 13 20
-103028000 Thu4  25 9 1996 13 6 40
-102942000 Thu5  26 9 1996 13 0 0
-102856000 Thu6  27 9 1996 12 53 20
-102770000 Thu7  28 9 1996 12 46 40
-102684000 CN  29 9 1996 12 40 0
-102598000 Thu2  30 9 1996 12 33 20
-102512000 Thu3  1 10 1996 12 26 40
-102426000 Thu4  2 10 1996 12 20 0
-102340000 Thu5  3 10 1996 12 13 20
-102254000 Thu6  4 10 1996 12 6 40
-102168000 Thu7  5 10 1996 12 0 0
-102082000 CN  6 10 1996 11 53 20
-101996000 Thu2  7 10 1996 11 46 40
-101910000 Thu3  8 10 1996 11 40 0
-101824000 Thu4  9 10 1996 11 33 20
-101738000 Thu5  10 10 1996 11 26 40
-101652000 Thu6  11 10 1996 11 20 0
-101566000 Thu7  12 10 1996 11 13 20
-101480000 CN  13 10 1996 11 6 40
-101394000 Thu2  14 10 1996 11 0 0
-101308000 Thu3  15 10 1996 10 53 20
-101222000 Thu4  16 10 1996 10 46 40
-101136000 Thu5  17 10 1996 10 40 0
-101050000 Thu6  18 10 1996 10 33 20
-100964000 Thu7  19 10 1996 10 26 40
-100878000 CN  20 10 1996 10 20 0
-100792000 Thu2  21 10 1996 10 13 20
-100706000 Thu3  22 10 1996 10 6 40
-100620000 Thu4  23 10 1996 10 0 0
-100534000 Thu5  24 10 1996 9 53 20
-100448000 Thu6  25 10 1996 9 46 40
-100362000 Thu7  26 10 1996 9 40 0
-100276000 CN  27 10 1996 9 33 20
-100190000 Thu2  28 10 1996 9 26 40
-100104000 Thu3  29 10 1996 9 20 0
-100018000 Thu4  30 10 1996 9 13 20
-99932000 Thu5  31 10 1996 9 6 40
-99846000 Thu6  1 11 1996 9 0 0
-99760000 Thu7  2 11 1996 8 53 20
-99674000 CN  3 11 1996 8 46 40
-99588000 Thu2  4 11 1996 8 40 0
-99502000 Thu3  5 11 1996 8 33 20
-99416000 Thu4  6 11 1996 8 26 40
-99330000 Thu5  7 11 1996 8 20 0
-99244000 Thu6  8 11 1996 8 13 20
-99158000 Thu7  9 11 1996 8 6 40
-99072000 CN  10 11 1996 8 0 0
-98986000 Thu2  11 11 1996 7 53 20
-98900000 Thu3  12 11 1996 7 46 40
-98814000 Thu4  13 11 1996 7 40 0
-98728000 Thu5  14 11 1996 7 33 20
-98642000 Thu6  15 11 1996 7 26 40
-98556000 Thu7  16 11 1996 7 20 0
-98470000 CN  17 11 1996 7 13 20
-98384000 Thu2  18 11 1996 7 6 40
-98298000 Thu3  19 11 1996 7 0 0
-98212000 Thu4  20 11 1996 6 53 20
-98126000 Thu5  21 11 1996 6 46 40
-98040000 Thu6  22 11 1996 6 40 0
-97954000 Thu7  23 11 1996 6 33 20
-97868000 CN  24 11 1996 6 26 40
-97782000 Thu2  25 11 1996 6 20 0
-97696000 Thu3  26 11 1996 6 13 20
-97610000 Thu4  27 11 1996 6 6 40
-97524000 Thu5  28 11 1996 6 0 0
-97438000 Thu6  29 11 1996 5 53 20
-97352000 Thu7  30 11 1996 5 46 40
-97266000 CN  1 12 1996 5 40 0
-97180000 Thu2  2 12 1996 5 33 20
-97094000 Thu3  3 12 1996 5 26 40
-97008000 Thu4  4 12 1996 5 20 0
-96922000 Thu5  5 12 1996 5 13 20
-96836000 Thu6  6 12 1996 5 6 40
-96750000 Thu7  7 12 1996 5 0 0
-96664000 CN  8 12 1996 4 53 20
-96578000 Thu2  9 12 1996 4 46 40
-96492000 Thu3  10 12 1996 4 40 0
-96406000 Thu4  11 12 1996 4 33 20
-96320000 Thu5  12 12 1996 4 26 40
-96234000 Thu6  13 12 1996 4 20 0
-96148000 Thu7  14 12 1996 4 13 20
-96062000 CN  15 12 1996 4 6 40
-95976000 Thu2  16 12 1996 4 0 0
-95890000 Thu3  17 12 1996 3 53 20
-95804000 Thu4  18 12 1996 3 46 40
-95718000 Thu5  19 12 1996 3 40 0
-95632000 Thu6  20 12 1996 3 33 20
-95546000 Thu7  21 12 1996 3 26 40
-95460000 CN  22 12 1996 3 20 0
-95374000 Thu2  23 12 1996 3 13 20
-95288000 Thu3  24 12 1996 3 6 40
-95202000 Thu4  25 12 1996 3 0 0
-95116000 Thu5  26 12 1996 2 53 20
-95030000 Thu6  27 12 1996 2 46 40
-94944000 Thu7  28 12 1996 2 40 0
-94858000 CN  29 12 1996 2 33 20
-94772000 Thu2  30 12 1996 2 26 40
-94686000 Thu3  31 12 1996 2 20 0
-94600000 Thu4  1 1 1997 2 13 20
-94514000 Thu5  2 1 1997 2 6 40
-94428000 Thu6  3 1 1997 2 0 0
-94342000 Thu7  4 1 1997 1 53 20
-94256000 CN  5 1 1997 1 46 40
-94170000 Thu2  6 1 1997 1 40 0
-94084000 Thu3  7 1 1997 1 33 20
-93998000 Thu4  8 1 1997 1 26 40
-93912000 Thu5  9 1 1997 1 20 0
-93826000 Thu6  10 1 1997 1 13 20
-93740000 Thu7  11 1 1997 1 6 40
-93654000 CN  12 1 1997 1 0 0
-93568000 Thu2  13 1 1997 0 53 20
-93482000 Thu3  14 1 1997 0 46 40
-93396000 Thu4  15 1 1997 0 40 0
-93310000 Thu5  16 1 1997 0 33 20
-93224000 Thu6  17 1 1997 0 26 40
-93138000 Thu7  18 1 1997 0 20 0
-93052000 CN  19 1 1997 0 13 20
-92966000 Thu2  20 1 1997 0 6 40
-92880000 Thu2  21 1 1997 0 0 0
-92794000 Thu3  21 1 1997 23 53 20
-92708000 Thu4  22 1 1997 23 46 40
-92622000 Thu5  23 1 1997 23 40 0
-92536000 Thu6  24 1 1997 23 33 20
-92450000 Thu7  25 1 1997 23 26 40
-92364000 CN  26 1 1997 23 20 0
-92278000 Thu2  27 1 1997 23 13 20
-92192000 Thu3  28 1 1997 23 6 40
-92106000 Thu4  29 1 1997 23 0 0
-92020000 Thu5  30 1 1997 22 53 20
-91934000 Thu6  31 1 1997 22 46 40
-91848000 Thu7  1 2 1997 22 40 0
-91762000 CN  2 2 1997 22 33 20
-91676000 Thu2  3 2 1997 22 26 40
-91590000 Thu3  4 2 1997 22 20 0
-91504000 Thu4  5 2 1997 22 13 20
-91418000 Thu5  6 2 1997 22 6 40
-91332000 Thu6  7 2 1997 22 0 0
-91246000 Thu7  8 2 1997 21 53 20
-91160000 CN  9 2 1997 21 46 40
-91074000 Thu2  10 2 1997 21 40 0
-90988000 Thu3  11 2 1997 21 33 20
-90902000 Thu4  12 2 1997 21 26 40
-90816000 Thu5  13 2 1997 21 20 0
-90730000 Thu6  14 2 1997 21 13 20
-90644000 Thu7  15 2 1997 21 6 40
-90558000 CN  16 2 1997 21 0 0
-90472000 Thu2  17 2 1997 20 53 20
-90386000 Thu3  18 2 1997 20 46 40
-90300000 Thu4  19 2 1997 20 40 0
-90214000 Thu5  20 2 1997 20 33 20
-90128000 Thu6  21 2 1997 20 26 40
-90042000 Thu7  22 2 1997 20 20 0
-89956000 CN  23 2 1997 20 13 20
-89870000 Thu2  24 2 1997 20 6 40
-89784000 Thu3  25 2 1997 20 0 0
-89698000 Thu4  26 2 1997 19 53 20
-89612000 Thu5  27 2 1997 19 46 40
-89526000 Thu6  28 2 1997 19 40 0
-89440000 Thu7  1 3 1997 19 33 20
-89354000 CN  2 3 1997 19 26 40
-89268000 Thu2  3 3 1997 19 20 0
-89182000 Thu3  4 3 1997 19 13 20
-89096000 Thu4  5 3 1997 19 6 40
-89010000 Thu5  6 3 1997 19 0 0
-88924000 Thu6  7 3 1997 18 53 20
-88838000 Thu7  8 3 1997 18 46 40
-88752000 CN  9 3 1997 18 40 0
-88666000 Thu2  10 3 1997 18 33 20
-88580000 Thu3  11 3 1997 18 26 40
-88494000 Thu4  12 3 1997 18 20 0
-88408000 Thu5  13 3 1997 18 13 20
-88322000 Thu6  14 3 1997 18 6 40
-88236000 Thu7  15 3 1997 18 0 0
-88150000 CN  16 3 1997 17 53 20
-88064000 Thu2  17 3 1997 17 46 40
-87978000 Thu3  18 3 1997 17 40 0
-87892000 Thu4  19 3 1997 17 33 20
-87806000 Thu5  20 3 1997 17 26 40
-87720000 Thu6  21 3 1997 17 20 0
-87634000 Thu7  22 3 1997 17 13 20
-87548000 CN  23 3 1997 17 6 40
-87462000 Thu2  24 3 1997 17 0 0
-87376000 Thu3  25 3 1997 16 53 20
-87290000 Thu4  26 3 1997 16 46 40
-87204000 Thu5  27 3 1997 16 40 0
-87118000 Thu6  28 3 1997 16 33 20
-87032000 Thu7  29 3 1997 16 26 40
-86946000 CN  30 3 1997 16 20 0
-86860000 Thu2  31 3 1997 16 13 20
-86774000 Thu3  1 4 1997 16 6 40
-86688000 Thu4  2 4 1997 16 0 0
-86602000 Thu5  3 4 1997 15 53 20
-86516000 Thu6  4 4 1997 15 46 40
-86430000 Thu7  5 4 1997 15 40 0
-86344000 CN  6 4 1997 15 33 20
-86258000 Thu2  7 4 1997 15 26 40
-86172000 Thu3  8 4 1997 15 20 0
-86086000 Thu4  9 4 1997 15 13 20
-86000000 Thu5  10 4 1997 15 6 40
-85914000 Thu6  11 4 1997 15 0 0
-85828000 Thu7  12 4 1997 14 53 20
-85742000 CN  13 4 1997 14 46 40
-85656000 Thu2  14 4 1997 14 40 0
-85570000 Thu3  15 4 1997 14 33 20
-85484000 Thu4  16 4 1997 14 26 40
-85398000 Thu5  17 4 1997 14 20 0
-85312000 Thu6  18 4 1997 14 13 20
-85226000 Thu7  19 4 1997 14 6 40
-85140000 CN  20 4 1997 14 0 0
-85054000 Thu2  21 4 1997 13 53 20
-84968000 Thu3  22 4 1997 13 46 40
-84882000 Thu4  23 4 1997 13 40 0
-84796000 Thu5  24 4 1997 13 33 20
-84710000 Thu6  25 4 1997 13 26 40
-84624000 Thu7  26 4 1997 13 20 0
-84538000 CN  27 4 1997 13 13 20
-84452000 Thu2  28 4 1997 13 6 40
-84366000 Thu3  29 4 1997 13 0 0
-84280000 Thu4  30 4 1997 12 53 20
-84194000 Thu5  1 5 1997 12 46 40
-84108000 Thu6  2 5 1997 12 40 0
-84022000 Thu7  3 5 1997 12 33 20
-83936000 CN  4 5 1997 12 26 40
-83850000 Thu2  5 5 1997 12 20 0
-83764000 Thu3  6 5 1997 12 13 20
-83678000 Thu4  7 5 1997 12 6 40
-83592000 Thu5  8 5 1997 12 0 0
-83506000 Thu6  9 5 1997 11 53 20
-83420000 Thu7  10 5 1997 11 46 40
-83334000 CN  11 5 1997 11 40 0
-83248000 Thu2  12 5 1997 11 33 20
-83162000 Thu3  13 5 1997 11 26 40
-83076000 Thu4  14 5 1997 11 20 0
-82990000 Thu5  15 5 1997 11 13 20
-82904000 Thu6  16 5 1997 11 6 40
-82818000 Thu7  17 5 1997 11 0 0
-82732000 CN  18 5 1997 10 53 20
-82646000 Thu2  19 5 1997 10 46 40
-82560000 Thu3  20 5 1997 10 40 0
-82474000 Thu4  21 5 1997 10 33 20
-82388000 Thu5  22 5 1997 10 26 40
-82302000 Thu6  23 5 1997 10 20 0
-82216000 Thu7  24 5 1997 10 13 20
-82130000 CN  25 5 1997 10 6 40
-82044000 Thu2  26 5 1997 10 0 0
-81958000 Thu3  27 5 1997 9 53 20
-81872000 Thu4  28 5 1997 9 46 40
-81786000 Thu5  29 5 1997 9 40 0
-81700000 Thu6  30 5 1997 9 33 20
-81614000 Thu7  31 5 1997 9 26 40
-81528000 CN  1 6 1997 9 20 0
-81442000 Thu2  2 6 1997 9 13 20
-81356000 Thu3  3 6 1997 9 6 40
-81270000 Thu4  4 6 1997 9 0 0
-81184000 Thu5  5 6 1997 8 53 20
-81098000 Thu6  6 6 1997 8 46 40
-81012000 Thu7  7 6 1997 8 40 0
-80926000 CN  8 6 1997 8 33 20
-80840000 Thu2  9 6 1997 8 26 40
-80754000 Thu3  10 6 1997 8 20 0
-80668000 Thu4  11 6 1997 8 13 20
-80582000 Thu5  12 6 1997 8 6 40
-80496000 Thu6  13 6 1997 8 0 0
-80410000 Thu7  14 6 1997 7 53 20
-80324000 CN  15 6 1997 7 46 40
-80238000 Thu2  16 6 1997 7 40 0
-80152000 Thu3  17 6 1997 7 33 20
-80066000 Thu4  18 6 1997 7 26 40
-79980000 Thu5  19 6 1997 7 20 0
-79894000 Thu6  20 6 1997 7 13 20
-79808000 Thu7  21 6 1997 7 6 40
-79722000 CN  22 6 1997 7 0 0
-79636000 Thu2  23 6 1997 6 53 20
-79550000 Thu3  24 6 1997 6 46 40
-79464000 Thu4  25 6 1997 6 40 0
-79378000 Thu5  26 6 1997 6 33 20
-79292000 Thu6  27 6 1997 6 26 40
-79206000 Thu7  28 6 1997 6 20 0
-79120000 CN  29 6 1997 6 13 20
-79034000 Thu2  30 6 1997 6 6 40
-78948000 Thu3  1 7 1997 6 0 0
-78862000 Thu4  2 7 1997 5 53 20
-78776000 Thu5  3 7 1997 5 46 40
-78690000 Thu6  4 7 1997 5 40 0
-78604000 Thu7  5 7 1997 5 33 20
-78518000 CN  6 7 1997 5 26 40
-78432000 Thu2  7 7 1997 5 20 0
-78346000 Thu3  8 7 1997 5 13 20
-78260000 Thu4  9 7 1997 5 6 40
-78174000 Thu5  10 7 1997 5 0 0
-78088000 Thu6  11 7 1997 4 53 20
-78002000 Thu7  12 7 1997 4 46 40
-77916000 CN  13 7 1997 4 40 0
-77830000 Thu2  14 7 1997 4 33 20
-77744000 Thu3  15 7 1997 4 26 40
-77658000 Thu4  16 7 1997 4 20 0
-77572000 Thu5  17 7 1997 4 13 20
-77486000 Thu6  18 7 1997 4 6 40
-77400000 Thu7  19 7 1997 4 0 0
-77314000 CN  20 7 1997 3 53 20
-77228000 Thu2  21 7 1997 3 46 40
-77142000 Thu3  22 7 1997 3 40 0
-77056000 Thu4  23 7 1997 3 33 20
-76970000 Thu5  24 7 1997 3 26 40
-76884000 Thu6  25 7 1997 3 20 0
-76798000 Thu7  26 7 1997 3 13 20
-76712000 CN  27 7 1997 3 6 40
-76626000 Thu2  28 7 1997 3 0 0
-76540000 Thu3  29 7 1997 2 53 20
-76454000 Thu4  30 7 1997 2 46 40
-76368000 Thu5  31 7 1997 2 40 0
-76282000 Thu6  1 8 1997 2 33 20
-76196000 Thu7  2 8 1997 2 26 40
-76110000 CN  3 8 1997 2 20 0
-76024000 Thu2  4 8 1997 2 13 20
-75938000 Thu3  5 8 1997 2 6 40
-75852000 Thu4  6 8 1997 2 0 0
-75766000 Thu5  7 8 1997 1 53 20
-75680000 Thu6  8 8 1997 1 46 40
-75594000 Thu7  9 8 1997 1 40 0
-75508000 CN  10 8 1997 1 33 20
-75422000 Thu2  11 8 1997 1 26 40
-75336000 Thu3  12 8 1997 1 20 0
-75250000 Thu4  13 8 1997 1 13 20
-75164000 Thu5  14 8 1997 1 6 40
-75078000 Thu6  15 8 1997 1 0 0
-74992000 Thu7  16 8 1997 0 53 20
-74906000 CN  17 8 1997 0 46 40
-74820000 Thu2  18 8 1997 0 40 0
-74734000 Thu3  19 8 1997 0 33 20
-74648000 Thu4  20 8 1997 0 26 40
-74562000 Thu5  21 8 1997 0 20 0
-74476000 Thu6  22 8 1997 0 13 20
-74390000 Thu7  23 8 1997 0 6 40
-74304000 Thu7  24 8 1997 0 0 0
-74218000 CN  24 8 1997 23 53 20
-74132000 Thu2  25 8 1997 23 46 40
-74046000 Thu3  26 8 1997 23 40 0
-73960000 Thu4  27 8 1997 23 33 20
-73874000 Thu5  28 8 1997 23 26 40
-73788000 Thu6  29 8 1997 23 20 0
-73702000 Thu7  30 8 1997 23 13 20
-73616000 CN  31 8 1997 23 6 40
-73530000 Thu2  1 9 1997 23 0 0
-73444000 Thu3  2 9 1997 22 53 20
-73358000 Thu4  3 9 1997 22 46 40
-73272000 Thu5  4 9 1997 22 40 0
-73186000 Thu6  5 9 1997 22 33 20
-73100000 Thu7  6 9 1997 22 26 40
-73014000 CN  7 9 1997 22 20 0
-72928000 Thu2  8 9 1997 22 13 20
-72842000 Thu3  9 9 1997 22 6 40
-72756000 Thu4  10 9 1997 22 0 0
-72670000 Thu5  11 9 1997 21 53 20
-72584000 Thu6  12 9 1997 21 46 40
-72498000 Thu7  13 9 1997 21 40 0
-72412000 CN  14 9 1997 21 33 20
-72326000 Thu2  15 9 1997 21 26 40
-72240000 Thu3  16 9 1997 21 20 0
-72154000 Thu4  17 9 1997 21 13 20
-72068000 Thu5  18 9 1997 21 6 40
-71982000 Thu6  19 9 1997 21 0 0
-71896000 Thu7  20 9 1997 20 53 20
-71810000 CN  21 9 1997 20 46 40
-71724000 Thu2  22 9 1997 20 40 0
-71638000 Thu3  23 9 1997 20 33 20
-71552000 Thu4  24 9 1997 20 26 40
-71466000 Thu5  25 9 1997 20 20 0
-71380000 Thu6  26 9 1997 20 13 20
-71294000 Thu7  27 9 1997 20 6 40
-71208000 CN  28 9 1997 20 0 0
-71122000 Thu2  29 9 1997 19 53 20
-71036000 Thu3  30 9 1997 19 46 40
-70950000 Thu4  1 10 1997 19 40 0
-70864000 Thu5  2 10 1997 19 33 20
-70778000 Thu6  3 10 1997 19 26 40
-70692000 Thu7  4 10 1997 19 20 0
-70606000 CN  5 10 1997 19 13 20
-70520000 Thu2  6 10 1997 19 6 40
-70434000 Thu3  7 10 1997 19 0 0
-70348000 Thu4  8 10 1997 18 53 20
-70262000 Thu5  9 10 1997 18 46 40
-70176000 Thu6  10 10 1997 18 40 0
-70090000 Thu7  11 10 1997 18 33 20
-70004000 CN  12 10 1997 18 26 40
-69918000 Thu2  13 10 1997 18 20 0
-69832000 Thu3  14 10 1997 18 13 20
-69746000 Thu4  15 10 1997 18 6 40
-69660000 Thu5  16 10 1997 18 0 0
-69574000 Thu6  17 10 1997 17 53 20
-69488000 Thu7  18 10 1997 17 46 40
-69402000 CN  19 10 1997 17 40 0
-69316000 Thu2  20 10 1997 17 33 20
-69230000 Thu3  21 10 1997 17 26 40
-69144000 Thu4  22 10 1997 17 20 0
-69058000 Thu5  23 10 1997 17 13 20
-68972000 Thu6  24 10 1997 17 6 40
-68886000 Thu7  25 10 1997 17 0 0
-68800000 CN  26 10 1997 16 53 20
-68714000 Thu2  27 10 1997 16 46 40
-68628000 Thu3  28 10 1997 16 40 0
-68542000 Thu4  29 10 1997 16 33 20
-68456000 Thu5  30 10 1997 16 26 40
-68370000 Thu6  31 10 1997 16 20 0
-68284000 Thu7  1 11 1997 16 13 20
-68198000 CN  2 11 1997 16 6 40
-68112000 Thu2  3 11 1997 16 0 0
-68026000 Thu3  4 11 1997 15 53 20
-67940000 Thu4  5 11 1997 15 46 40
-67854000 Thu5  6 11 1997 15 40 0
-67768000 Thu6  7 11 1997 15 33 20
-67682000 Thu7  8 11 1997 15 26 40
-67596000 CN  9 11 1997 15 20 0
-67510000 Thu2  10 11 1997 15 13 20
-67424000 Thu3  11 11 1997 15 6 40
-67338000 Thu4  12 11 1997 15 0 0
-67252000 Thu5  13 11 1997 14 53 20
-67166000 Thu6  14 11 1997 14 46 40
-67080000 Thu7  15 11 1997 14 40 0
-66994000 CN  16 11 1997 14 33 20
-66908000 Thu2  17 11 1997 14 26 40
-66822000 Thu3  18 11 1997 14 20 0
-66736000 Thu4  19 11 1997 14 13 20
-66650000 Thu5  20 11 1997 14 6 40
-66564000 Thu6  21 11 1997 14 0 0
-66478000 Thu7  22 11 1997 13 53 20
-66392000 CN  23 11 1997 13 46 40
-66306000 Thu2  24 11 1997 13 40 0
-66220000 Thu3  25 11 1997 13 33 20
-66134000 Thu4  26 11 1997 13 26 40
-66048000 Thu5  27 11 1997 13 20 0
-65962000 Thu6  28 11 1997 13 13 20
-65876000 Thu7  29 11 1997 13 6 40
-65790000 CN  30 11 1997 13 0 0
-65704000 Thu2  1 12 1997 12 53 20
-65618000 Thu3  2 12 1997 12 46 40
-65532000 Thu4  3 12 1997 12 40 0
-65446000 Thu5  4 12 1997 12 33 20
-65360000 Thu6  5 12 1997 12 26 40
-65274000 Thu7  6 12 1997 12 20 0
-65188000 CN  7 12 1997 12 13 20
-65102000 Thu2  8 12 1997 12 6 40
-65016000 Thu3  9 12 1997 12 0 0
-64930000 Thu4  10 12 1997 11 53 20
-64844000 Thu5  11 12 1997 11 46 40
-64758000 Thu6  12 12 1997 11 40 0
-64672000 Thu7  13 12 1997 11 33 20
-64586000 CN  14 12 1997 11 26 40
-64500000 Thu2  15 12 1997 11 20 0
-64414000 Thu3  16 12 1997 11 13 20
-64328000 Thu4  17 12 1997 11 6 40
-64242000 Thu5  18 12 1997 11 0 0
-64156000 Thu6  19 12 1997 10 53 20
-64070000 Thu7  20 12 1997 10 46 40
-63984000 CN  21 12 1997 10 40 0
-63898000 Thu2  22 12 1997 10 33 20
-63812000 Thu3  23 12 1997 10 26 40
-63726000 Thu4  24 12 1997 10 20 0
-63640000 Thu5  25 12 1997 10 13 20
-63554000 Thu6  26 12 1997 10 6 40
-63468000 Thu7  27 12 1997 10 0 0
-63382000 CN  28 12 1997 9 53 20
-63296000 Thu2  29 12 1997 9 46 40
-63210000 Thu3  30 12 1997 9 40 0
-63124000 Thu4  31 12 1997 9 33 20
-63038000 Thu5  1 1 1998 9 26 40
-62952000 Thu6  2 1 1998 9 20 0
-62866000 Thu7  3 1 1998 9 13 20
-62780000 CN  4 1 1998 9 6 40
-62694000 Thu2  5 1 1998 9 0 0
-62608000 Thu3  6 1 1998 8 53 20
-62522000 Thu4  7 1 1998 8 46 40
-62436000 Thu5  8 1 1998 8 40 0
-62350000 Thu6  9 1 1998 8 33 20
-62264000 Thu7  10 1 1998 8 26 40
-62178000 CN  11 1 1998 8 20 0
-62092000 Thu2  12 1 1998 8 13 20
-62006000 Thu3  13 1 1998 8 6 40
-61920000 Thu4  14 1 1998 8 0 0
-61834000 Thu5  15 1 1998 7 53 20
-61748000 Thu6  16 1 1998 7 46 40
-61662000 Thu7  17 1 1998 7 40 0
-61576000 CN  18 1 1998 7 33 20
-61490000 Thu2  19 1 1998 7 26 40
-61404000 Thu3  20 1 1998 7 20 0
-61318000 Thu4  21 1 1998 7 13 20
-61232000 Thu5  22 1 1998 7 6 40
-61146000 Thu6  23 1 1998 7 0 0
-61060000 Thu7  24 1 1998 6 53 20
-60974000 CN  25 1 1998 6 46 40
-60888000 Thu2  26 1 1998 6 40 0
-60802000 Thu3  27 1 1998 6 33 20
-60716000 Thu4  28 1 1998 6 26 40
-60630000 Thu5  29 1 1998 6 20 0
-60544000 Thu6  30 1 1998 6 13 20
-60458000 Thu7  31 1 1998 6 6 40
-60372000 CN  1 2 1998 6 0 0
-60286000 Thu2  2 2 1998 5 53 20
-60200000 Thu3  3 2 1998 5 46 40
-60114000 Thu4  4 2 1998 5 40 0
-60028000 Thu5  5 2 1998 5 33 20
-59942000 Thu6  6 2 1998 5 26 40
-59856000 Thu7  7 2 1998 5 20 0
-59770000 CN  8 2 1998 5 13 20
-59684000 Thu2  9 2 1998 5 6 40
-59598000 Thu3  10 2 1998 5 0 0
-59512000 Thu4  11 2 1998 4 53 20
-59426000 Thu5  12 2 1998 4 46 40
-59340000 Thu6  13 2 1998 4 40 0
-59254000 Thu7  14 2 1998 4 33 20
-59168000 CN  15 2 1998 4 26 40
-59082000 Thu2  16 2 1998 4 20 0
-58996000 Thu3  17 2 1998 4 13 20
-58910000 Thu4  18 2 1998 4 6 40
-58824000 Thu5  19 2 1998 4 0 0
-58738000 Thu6  20 2 1998 3 53 20
-58652000 Thu7  21 2 1998 3 46 40
-58566000 CN  22 2 1998 3 40 0
-58480000 Thu2  23 2 1998 3 33 20
-58394000 Thu3  24 2 1998 3 26 40
-58308000 Thu4  25 2 1998 3 20 0
-58222000 Thu5  26 2 1998 3 13 20
-58136000 Thu6  27 2 1998 3 6 40
-58050000 Thu7  28 2 1998 3 0 0
-57964000 CN  1 3 1998 2 53 20
-57878000 Thu2  2 3 1998 2 46 40
-57792000 Thu3  3 3 1998 2 40 0
-57706000 Thu4  4 3 1998 2 33 20
-57620000 Thu5  5 3 1998 2 26 40
-57534000 Thu6  6 3 1998 2 20 0
-57448000 Thu7  7 3 1998 2 13 20
-57362000 CN  8 3 1998 2 6 40
-57276000 Thu2  9 3 1998 2 0 0
-57190000 Thu3  10 3 1998 1 53 20
-57104000 Thu4  11 3 1998 1 46 40
-57018000 Thu5  12 3 1998 1 40 0
-56932000 Thu6  13 3 1998 1 33 20
-56846000 Thu7  14 3 1998 1 26 40
-56760000 CN  15 3 1998 1 20 0
-56674000 Thu2  16 3 1998 1 13 20
-56588000 Thu3  17 3 1998 1 6 40
-56502000 Thu4  18 3 1998 1 0 0
-56416000 Thu5  19 3 1998 0 53 20
-56330000 Thu6  20 3 1998 0 46 40
-56244000 Thu7  21 3 1998 0 40 0
-56158000 CN  22 3 1998 0 33 20
-56072000 Thu2  23 3 1998 0 26 40
-55986000 Thu3  24 3 1998 0 20 0
-55900000 Thu4  25 3 1998 0 13 20
-55814000 Thu5  26 3 1998 0 6 40
-55728000 Thu5  27 3 1998 0 0 0
-55642000 Thu6  27 3 1998 23 53 20
-55556000 Thu7  28 3 1998 23 46 40
-55470000 CN  29 3 1998 23 40 0
-55384000 Thu2  30 3 1998 23 33 20
-55298000 Thu3  31 3 1998 23 26 40
-55212000 Thu4  1 4 1998 23 20 0
-55126000 Thu5  2 4 1998 23 13 20
-55040000 Thu6  3 4 1998 23 6 40
-54954000 Thu7  4 4 1998 23 0 0
-54868000 CN  5 4 1998 22 53 20
-54782000 Thu2  6 4 1998 22 46 40
-54696000 Thu3  7 4 1998 22 40 0
-54610000 Thu4  8 4 1998 22 33 20
-54524000 Thu5  9 4 1998 22 26 40
-54438000 Thu6  10 4 1998 22 20 0
-54352000 Thu7  11 4 1998 22 13 20
-54266000 CN  12 4 1998 22 6 40
-54180000 Thu2  13 4 1998 22 0 0
-54094000 Thu3  14 4 1998 21 53 20
-54008000 Thu4  15 4 1998 21 46 40
-53922000 Thu5  16 4 1998 21 40 0
-53836000 Thu6  17 4 1998 21 33 20
-53750000 Thu7  18 4 1998 21 26 40
-53664000 CN  19 4 1998 21 20 0
-53578000 Thu2  20 4 1998 21 13 20
-53492000 Thu3  21 4 1998 21 6 40
-53406000 Thu4  22 4 1998 21 0 0
-53320000 Thu5  23 4 1998 20 53 20
-53234000 Thu6  24 4 1998 20 46 40
-53148000 Thu7  25 4 1998 20 40 0
-53062000 CN  26 4 1998 20 33 20
-52976000 Thu2  27 4 1998 20 26 40
-52890000 Thu3  28 4 1998 20 20 0
-52804000 Thu4  29 4 1998 20 13 20
-52718000 Thu5  30 4 1998 20 6 40
-52632000 Thu6  1 5 1998 20 0 0
-52546000 Thu7  2 5 1998 19 53 20
-52460000 CN  3 5 1998 19 46 40
-52374000 Thu2  4 5 1998 19 40 0
-52288000 Thu3  5 5 1998 19 33 20
-52202000 Thu4  6 5 1998 19 26 40
-52116000 Thu5  7 5 1998 19 20 0
-52030000 Thu6  8 5 1998 19 13 20
-51944000 Thu7  9 5 1998 19 6 40
-51858000 CN  10 5 1998 19 0 0
-51772000 Thu2  11 5 1998 18 53 20
-51686000 Thu3  12 5 1998 18 46 40
-51600000 Thu4  13 5 1998 18 40 0
-51514000 Thu5  14 5 1998 18 33 20
-51428000 Thu6  15 5 1998 18 26 40
-51342000 Thu7  16 5 1998 18 20 0
-51256000 CN  17 5 1998 18 13 20
-51170000 Thu2  18 5 1998 18 6 40
-51084000 Thu3  19 5 1998 18 0 0
-50998000 Thu4  20 5 1998 17 53 20
-50912000 Thu5  21 5 1998 17 46 40
-50826000 Thu6  22 5 1998 17 40 0
-50740000 Thu7  23 5 1998 17 33 20
-50654000 CN  24 5 1998 17 26 40
-50568000 Thu2  25 5 1998 17 20 0
-50482000 Thu3  26 5 1998 17 13 20
-50396000 Thu4  27 5 1998 17 6 40
-50310000 Thu5  28 5 1998 17 0 0
-50224000 Thu6  29 5 1998 16 53 20
-50138000 Thu7  30 5 1998 16 46 40
-50052000 CN  31 5 1998 16 40 0
-49966000 Thu2  1 6 1998 16 33 20
-49880000 Thu3  2 6 1998 16 26 40
-49794000 Thu4  3 6 1998 16 20 0
-49708000 Thu5  4 6 1998 16 13 20
-49622000 Thu6  5 6 1998 16 6 40
-49536000 Thu7  6 6 1998 16 0 0
-49450000 CN  7 6 1998 15 53 20
-49364000 Thu2  8 6 1998 15 46 40
-49278000 Thu3  9 6 1998 15 40 0
-49192000 Thu4  10 6 1998 15 33 20
-49106000 Thu5  11 6 1998 15 26 40
-49020000 Thu6  12 6 1998 15 20 0
-48934000 Thu7  13 6 1998 15 13 20
-48848000 CN  14 6 1998 15 6 40
-48762000 Thu2  15 6 1998 15 0 0
-48676000 Thu3  16 6 1998 14 53 20
-48590000 Thu4  17 6 1998 14 46 40
-48504000 Thu5  18 6 1998 14 40 0
-48418000 Thu6  19 6 1998 14 33 20
-48332000 Thu7  20 6 1998 14 26 40
-48246000 CN  21 6 1998 14 20 0
-48160000 Thu2  22 6 1998 14 13 20
-48074000 Thu3  23 6 1998 14 6 40
-47988000 Thu4  24 6 1998 14 0 0
-47902000 Thu5  25 6 1998 13 53 20
-47816000 Thu6  26 6 1998 13 46 40
-47730000 Thu7  27 6 1998 13 40 0
-47644000 CN  28 6 1998 13 33 20
-47558000 Thu2  29 6 1998 13 26 40
-47472000 Thu3  30 6 1998 13 20 0
-47386000 Thu4  1 7 1998 13 13 20
-47300000 Thu5  2 7 1998 13 6 40
-47214000 Thu6  3 7 1998 13 0 0
-47128000 Thu7  4 7 1998 12 53 20
-47042000 CN  5 7 1998 12 46 40
-46956000 Thu2  6 7 1998 12 40 0
-46870000 Thu3  7 7 1998 12 33 20
-46784000 Thu4  8 7 1998 12 26 40
-46698000 Thu5  9 7 1998 12 20 0
-46612000 Thu6  10 7 1998 12 13 20
-46526000 Thu7  11 7 1998 12 6 40
-46440000 CN  12 7 1998 12 0 0
-46354000 Thu2  13 7 1998 11 53 20
-46268000 Thu3  14 7 1998 11 46 40
-46182000 Thu4  15 7 1998 11 40 0
-46096000 Thu5  16 7 1998 11 33 20
-46010000 Thu6  17 7 1998 11 26 40
-45924000 Thu7  18 7 1998 11 20 0
-45838000 CN  19 7 1998 11 13 20
-45752000 Thu2  20 7 1998 11 6 40
-45666000 Thu3  21 7 1998 11 0 0
-45580000 Thu4  22 7 1998 10 53 20
-45494000 Thu5  23 7 1998 10 46 40
-45408000 Thu6  24 7 1998 10 40 0
-45322000 Thu7  25 7 1998 10 33 20
-45236000 CN  26 7 1998 10 26 40
-45150000 Thu2  27 7 1998 10 20 0
-45064000 Thu3  28 7 1998 10 13 20
-44978000 Thu4  29 7 1998 10 6 40
-44892000 Thu5  30 7 1998 10 0 0
-44806000 Thu6  31 7 1998 9 53 20
-44720000 Thu7  1 8 1998 9 46 40
-44634000 CN  2 8 1998 9 40 0
-44548000 Thu2  3 8 1998 9 33 20
-44462000 Thu3  4 8 1998 9 26 40
-44376000 Thu4  5 8 1998 9 20 0
-44290000 Thu5  6 8 1998 9 13 20
-44204000 Thu6  7 8 1998 9 6 40
-44118000 Thu7  8 8 1998 9 0 0
-44032000 CN  9 8 1998 8 53 20
-43946000 Thu2  10 8 1998 8 46 40
-43860000 Thu3  11 8 1998 8 40 0
-43774000 Thu4  12 8 1998 8 33 20
-43688000 Thu5  13 8 1998 8 26 40
-43602000 Thu6  14 8 1998 8 20 0
-43516000 Thu7  15 8 1998 8 13 20
-43430000 CN  16 8 1998 8 6 40
-43344000 Thu2  17 8 1998 8 0 0
-43258000 Thu3  18 8 1998 7 53 20
-43172000 Thu4  19 8 1998 7 46 40
-43086000 Thu5  20 8 1998 7 40 0
-43000000 Thu6  21 8 1998 7 33 20
-42914000 Thu7  22 8 1998 7 26 40
-42828000 CN  23 8 1998 7 20 0
-42742000 Thu2  24 8 1998 7 13 20
-42656000 Thu3  25 8 1998 7 6 40
-42570000 Thu4  26 8 1998 7 0 0
-42484000 Thu5  27 8 1998 6 53 20
-42398000 Thu6  28 8 1998 6 46 40
-42312000 Thu7  29 8 1998 6 40 0
-42226000 CN  30 8 1998 6 33 20
-42140000 Thu2  31 8 1998 6 26 40
-42054000 Thu3  1 9 1998 6 20 0
-41968000 Thu4  2 9 1998 6 13 20
-41882000 Thu5  3 9 1998 6 6 40
-41796000 Thu6  4 9 1998 6 0 0
-41710000 Thu7  5 9 1998 5 53 20
-41624000 CN  6 9 1998 5 46 40
-41538000 Thu2  7 9 1998 5 40 0
-41452000 Thu3  8 9 1998 5 33 20
-41366000 Thu4  9 9 1998 5 26 40
-41280000 Thu5  10 9 1998 5 20 0
-41194000 Thu6  11 9 1998 5 13 20
-41108000 Thu7  12 9 1998 5 6 40
-41022000 CN  13 9 1998 5 0 0
-40936000 Thu2  14 9 1998 4 53 20
-40850000 Thu3  15 9 1998 4 46 40
-40764000 Thu4  16 9 1998 4 40 0
-40678000 Thu5  17 9 1998 4 33 20
-40592000 Thu6  18 9 1998 4 26 40
-40506000 Thu7  19 9 1998 4 20 0
-40420000 CN  20 9 1998 4 13 20
-40334000 Thu2  21 9 1998 4 6 40
-40248000 Thu3  22 9 1998 4 0 0
-40162000 Thu4  23 9 1998 3 53 20
-40076000 Thu5  24 9 1998 3 46 40
-39990000 Thu6  25 9 1998 3 40 0
-39904000 Thu7  26 9 1998 3 33 20
-39818000 CN  27 9 1998 3 26 40
-39732000 Thu2  28 9 1998 3 20 0
-39646000 Thu3  29 9 1998 3 13 20
-39560000 Thu4  30 9 1998 3 6 40
-39474000 Thu5  1 10 1998 3 0 0
-39388000 Thu6  2 10 1998 2 53 20
-39302000 Thu7  3 10 1998 2 46 40
-39216000 CN  4 10 1998 2 40 0
-39130000 Thu2  5 10 1998 2 33 20
-39044000 Thu3  6 10 1998 2 26 40
-38958000 Thu4  7 10 1998 2 20 0
-38872000 Thu5  8 10 1998 2 13 20
-38786000 Thu6  9 10 1998 2 6 40
-38700000 Thu7  10 10 1998 2 0 0
-38614000 CN  11 10 1998 1 53 20
-38528000 Thu2  12 10 1998 1 46 40
-38442000 Thu3  13 10 1998 1 40 0
-38356000 Thu4  14 10 1998 1 33 20
-38270000 Thu5  15 10 1998 1 26 40
-38184000 Thu6  16 10 1998 1 20 0
-38098000 Thu7  17 10 1998 1 13 20
-38012000 CN  18 10 1998 1 6 40
-37926000 Thu2  19 10 1998 1 0 0
-37840000 Thu3  20 10 1998 0 53 20
-37754000 Thu4  21 10 1998 0 46 40
-37668000 Thu5  22 10 1998 0 40 0
-37582000 Thu6  23 10 1998 0 33 20
-37496000 Thu7  24 10 1998 0 26 40
-37410000 CN  25 10 1998 0 20 0
-37324000 Thu2  26 10 1998 0 13 20
-37238000 Thu3  27 10 1998 0 6 40
-37152000 Thu3  28 10 1998 0 0 0
-37066000 Thu4  28 10 1998 23 53 20
-36980000 Thu5  29 10 1998 23 46 40
-36894000 Thu6  30 10 1998 23 40 0
-36808000 Thu7  31 10 1998 23 33 20
-36722000 CN  1 11 1998 23 26 40
-36636000 Thu2  2 11 1998 23 20 0
-36550000 Thu3  3 11 1998 23 13 20
-36464000 Thu4  4 11 1998 23 6 40
-36378000 Thu5  5 11 1998 23 0 0
-36292000 Thu6  6 11 1998 22 53 20
-36206000 Thu7  7 11 1998 22 46 40
-36120000 CN  8 11 1998 22 40 0
-36034000 Thu2  9 11 1998 22 33 20
-35948000 Thu3  10 11 1998 22 26 40
-35862000 Thu4  11 11 1998 22 20 0
-35776000 Thu5  12 11 1998 22 13 20
-35690000 Thu6  13 11 1998 22 6 40
-35604000 Thu7  14 11 1998 22 0 0
-35518000 CN  15 11 1998 21 53 20
-35432000 Thu2  16 11 1998 21 46 40
-35346000 Thu3  17 11 1998 21 40 0
-35260000 Thu4  18 11 1998 21 33 20
-35174000 Thu5  19 11 1998 21 26 40
-35088000 Thu6  20 11 1998 21 20 0
-35002000 Thu7  21 11 1998 21 13 20
-34916000 CN  22 11 1998 21 6 40
-34830000 Thu2  23 11 1998 21 0 0
-34744000 Thu3  24 11 1998 20 53 20
-34658000 Thu4  25 11 1998 20 46 40
-34572000 Thu5  26 11 1998 20 40 0
-34486000 Thu6  27 11 1998 20 33 20
-34400000 Thu7  28 11 1998 20 26 40
-34314000 CN  29 11 1998 20 20 0
-34228000 Thu2  30 11 1998 20 13 20
-34142000 Thu3  1 12 1998 20 6 40
-34056000 Thu4  2 12 1998 20 0 0
-33970000 Thu5  3 12 1998 19 53 20
-33884000 Thu6  4 12 1998 19 46 40
-33798000 Thu7  5 12 1998 19 40 0
-33712000 CN  6 12 1998 19 33 20
-33626000 Thu2  7 12 1998 19 26 40
-33540000 Thu3  8 12 1998 19 20 0
-33454000 Thu4  9 12 1998 19 13 20
-33368000 Thu5  10 12 1998 19 6 40
-33282000 Thu6  11 12 1998 19 0 0
-33196000 Thu7  12 12 1998 18 53 20
-33110000 CN  13 12 1998 18 46 40
-33024000 Thu2  14 12 1998 18 40 0
-32938000 Thu3  15 12 1998 18 33 20
-32852000 Thu4  16 12 1998 18 26 40
-32766000 Thu5  17 12 1998 18 20 0
-32680000 Thu6  18 12 1998 18 13 20
-32594000 Thu7  19 12 1998 18 6 40
-32508000 CN  20 12 1998 18 0 0
-32422000 Thu2  21 12 1998 17 53 20
-32336000 Thu3  22 12 1998 17 46 40
-32250000 Thu4  23 12 1998 17 40 0
-32164000 Thu5  24 12 1998 17 33 20
-32078000 Thu6  25 12 1998 17 26 40
-31992000 Thu7  26 12 1998 17 20 0
-31906000 CN  27 12 1998 17 13 20
-31820000 Thu2  28 12 1998 17 6 40
-31734000 Thu3  29 12 1998 17 0 0
-31648000 Thu4  30 12 1998 16 53 20
-31562000 Thu5  31 12 1998 16 46 40
-31476000 Thu6  1 1 1999 16 40 0
-31390000 Thu7  2 1 1999 16 33 20
-31304000 CN  3 1 1999 16 26 40
-31218000 Thu2  4 1 1999 16 20 0
-31132000 Thu3  5 1 1999 16 13 20
-31046000 Thu4  6 1 1999 16 6 40
-30960000 Thu5  7 1 1999 16 0 0
-30874000 Thu6  8 1 1999 15 53 20
-30788000 Thu7  9 1 1999 15 46 40
-30702000 CN  10 1 1999 15 40 0
-30616000 Thu2  11 1 1999 15 33 20
-30530000 Thu3  12 1 1999 15 26 40
-30444000 Thu4  13 1 1999 15 20 0
-30358000 Thu5  14 1 1999 15 13 20
-30272000 Thu6  15 1 1999 15 6 40
-30186000 Thu7  16 1 1999 15 0 0
-30100000 CN  17 1 1999 14 53 20
-30014000 Thu2  18 1 1999 14 46 40
-29928000 Thu3  19 1 1999 14 40 0
-29842000 Thu4  20 1 1999 14 33 20
-29756000 Thu5  21 1 1999 14 26 40
-29670000 Thu6  22 1 1999 14 20 0
-29584000 Thu7  23 1 1999 14 13 20
-29498000 CN  24 1 1999 14 6 40
-29412000 Thu2  25 1 1999 14 0 0
-29326000 Thu3  26 1 1999 13 53 20
-29240000 Thu4  27 1 1999 13 46 40
-29154000 Thu5  28 1 1999 13 40 0
-29068000 Thu6  29 1 1999 13 33 20
-28982000 Thu7  30 1 1999 13 26 40
-28896000 CN  31 1 1999 13 20 0
-28810000 Thu2  1 2 1999 13 13 20
-28724000 Thu3  2 2 1999 13 6 40
-28638000 Thu4  3 2 1999 13 0 0
-28552000 Thu5  4 2 1999 12 53 20
-28466000 Thu6  5 2 1999 12 46 40
-28380000 Thu7  6 2 1999 12 40 0
-28294000 CN  7 2 1999 12 33 20
-28208000 Thu2  8 2 1999 12 26 40
-28122000 Thu3  9 2 1999 12 20 0
-28036000 Thu4  10 2 1999 12 13 20
-27950000 Thu5  11 2 1999 12 6 40
-27864000 Thu6  12 2 1999 12 0 0
-27778000 Thu7  13 2 1999 11 53 20
-27692000 CN  14 2 1999 11 46 40
-27606000 Thu2  15 2 1999 11 40 0
-27520000 Thu3  16 2 1999 11 33 20
-27434000 Thu4  17 2 1999 11 26 40
-27348000 Thu5  18 2 1999 11 20 0
-27262000 Thu6  19 2 1999 11 13 20
-27176000 Thu7  20 2 1999 11 6 40
-27090000 CN  21 2 1999 11 0 0
-27004000 Thu2  22 2 1999 10 53 20
-26918000 Thu3  23 2 1999 10 46 40
-26832000 Thu4  24 2 1999 10 40 0
-26746000 Thu5  25 2 1999 10 33 20
-26660000 Thu6  26 2 1999 10 26 40
-26574000 Thu7  27 2 1999 10 20 0
-26488000 CN  28 2 1999 10 13 20
-26402000 Thu2  1 3 1999 10 6 40
-26316000 Thu3  2 3 1999 10 0 0
-26230000 Thu4  3 3 1999 9 53 20
-26144000 Thu5  4 3 1999 9 46 40
-26058000 Thu6  5 3 1999 9 40 0
-25972000 Thu7  6 3 1999 9 33 20
-25886000 CN  7 3 1999 9 26 40
-25800000 Thu2  8 3 1999 9 20 0
-25714000 Thu3  9 3 1999 9 13 20
-25628000 Thu4  10 3 1999 9 6 40
-25542000 Thu5  11 3 1999 9 0 0
-25456000 Thu6  12 3 1999 8 53 20
-25370000 Thu7  13 3 1999 8 46 40
-25284000 CN  14 3 1999 8 40 0
-25198000 Thu2  15 3 1999 8 33 20
-25112000 Thu3  16 3 1999 8 26 40
-25026000 Thu4  17 3 1999 8 20 0
-24940000 Thu5  18 3 1999 8 13 20
-24854000 Thu6  19 3 1999 8 6 40
-24768000 Thu7  20 3 1999 8 0 0
-24682000 CN  21 3 1999 7 53 20
-24596000 Thu2  22 3 1999 7 46 40
-24510000 Thu3  23 3 1999 7 40 0
-24424000 Thu4  24 3 1999 7 33 20
-24338000 Thu5  25 3 1999 7 26 40
-24252000 Thu6  26 3 1999 7 20 0
-24166000 Thu7  27 3 1999 7 13 20
-24080000 CN  28 3 1999 7 6 40
-23994000 Thu2  29 3 1999 7 0 0
-23908000 Thu3  30 3 1999 6 53 20
-23822000 Thu4  31 3 1999 6 46 40
-23736000 Thu5  1 4 1999 6 40 0
-23650000 Thu6  2 4 1999 6 33 20
-23564000 Thu7  3 4 1999 6 26 40
-23478000 CN  4 4 1999 6 20 0
-23392000 Thu2  5 4 1999 6 13 20
-23306000 Thu3  6 4 1999 6 6 40
-23220000 Thu4  7 4 1999 6 0 0
-23134000 Thu5  8 4 1999 5 53 20
-23048000 Thu6  9 4 1999 5 46 40
-22962000 Thu7  10 4 1999 5 40 0
-22876000 CN  11 4 1999 5 33 20
-22790000 Thu2  12 4 1999 5 26 40
-22704000 Thu3  13 4 1999 5 20 0
-22618000 Thu4  14 4 1999 5 13 20
-22532000 Thu5  15 4 1999 5 6 40
-22446000 Thu6  16 4 1999 5 0 0
-22360000 Thu7  17 4 1999 4 53 20
-22274000 CN  18 4 1999 4 46 40
-22188000 Thu2  19 4 1999 4 40 0
-22102000 Thu3  20 4 1999 4 33 20
-22016000 Thu4  21 4 1999 4 26 40
-21930000 Thu5  22 4 1999 4 20 0
-21844000 Thu6  23 4 1999 4 13 20
-21758000 Thu7  24 4 1999 4 6 40
-21672000 CN  25 4 1999 4 0 0
-21586000 Thu2  26 4 1999 3 53 20
-21500000 Thu3  27 4 1999 3 46 40
-21414000 Thu4  28 4 1999 3 40 0
-21328000 Thu5  29 4 1999 3 33 20
-21242000 Thu6  30 4 1999 3 26 40
-21156000 Thu7  1 5 1999 3 20 0
-21070000 CN  2 5 1999 3 13 20
-20984000 Thu2  3 5 1999 3 6 40
-20898000 Thu3  4 5 1999 3 0 0
-20812000 Thu4  5 5 1999 2 53 20
-20726000 Thu5  6 5 1999 2 46 40
-20640000 Thu6  7 5 1999 2 40 0
-20554000 Thu7  8 5 1999 2 33 20
-20468000 CN  9 5 1999 2 26 40
-20382000 Thu2  10 5 1999 2 20 0
-20296000 Thu3  11 5 1999 2 13 20
-20210000 Thu4  12 5 1999 2 6 40
-20124000 Thu5  13 5 1999 2 0 0
-20038000 Thu6  14 5 1999 1 53 20
-19952000 Thu7  15 5 1999 1 46 40
-19866000 CN  16 5 1999 1 40 0
-19780000 Thu2  17 5 1999 1 33 20
-19694000 Thu3  18 5 1999 1 26 40
-19608000 Thu4  19 5 1999 1 20 0
-19522000 Thu5  20 5 1999 1 13 20
-19436000 Thu6  21 5 1999 1 6 40
-19350000 Thu7  22 5 1999 1 0 0
-19264000 CN  23 5 1999 0 53 20
-19178000 Thu2  24 5 1999 0 46 40
-19092000 Thu3  25 5 1999 0 40 0
-19006000 Thu4  26 5 1999 0 33 20
-18920000 Thu5  27 5 1999 0 26 40
-18834000 Thu6  28 5 1999 0 20 0
-18748000 Thu7  29 5 1999 0 13 20
-18662000 CN  30 5 1999 0 6 40
-18576000 CN  31 5 1999 0 0 0
-18490000 Thu2  31 5 1999 23 53 20
-18404000 Thu3  1 6 1999 23 46 40
-18318000 Thu4  2 6 1999 23 40 0
-18232000 Thu5  3 6 1999 23 33 20
-18146000 Thu6  4 6 1999 23 26 40
-18060000 Thu7  5 6 1999 23 20 0
-17974000 CN  6 6 1999 23 13 20
-17888000 Thu2  7 6 1999 23 6 40
-17802000 Thu3  8 6 1999 23 0 0
-17716000 Thu4  9 6 1999 22 53 20
-17630000 Thu5  10 6 1999 22 46 40
-17544000 Thu6  11 6 1999 22 40 0
-17458000 Thu7  12 6 1999 22 33 20
-17372000 CN  13 6 1999 22 26 40
-17286000 Thu2  14 6 1999 22 20 0
-17200000 Thu3  15 6 1999 22 13 20
-17114000 Thu4  16 6 1999 22 6 40
-17028000 Thu5  17 6 1999 22 0 0
-16942000 Thu6  18 6 1999 21 53 20
-16856000 Thu7  19 6 1999 21 46 40
-16770000 CN  20 6 1999 21 40 0
-16684000 Thu2  21 6 1999 21 33 20
-16598000 Thu3  22 6 1999 21 26 40
-16512000 Thu4  23 6 1999 21 20 0
-16426000 Thu5  24 6 1999 21 13 20
-16340000 Thu6  25 6 1999 21 6 40
-16254000 Thu7  26 6 1999 21 0 0
-16168000 CN  27 6 1999 20 53 20
-16082000 Thu2  28 6 1999 20 46 40
-15996000 Thu3  29 6 1999 20 40 0
-15910000 Thu4  30 6 1999 20 33 20
-15824000 Thu5  1 7 1999 20 26 40
-15738000 Thu6  2 7 1999 20 20 0
-15652000 Thu7  3 7 1999 20 13 20
-15566000 CN  4 7 1999 20 6 40
-15480000 Thu2  5 7 1999 20 0 0
-15394000 Thu3  6 7 1999 19 53 20
-15308000 Thu4  7 7 1999 19 46 40
-15222000 Thu5  8 7 1999 19 40 0
-15136000 Thu6  9 7 1999 19 33 20
-15050000 Thu7  10 7 1999 19 26 40
-14964000 CN  11 7 1999 19 20 0
-14878000 Thu2  12 7 1999 19 13 20
-14792000 Thu3  13 7 1999 19 6 40
-14706000 Thu4  14 7 1999 19 0 0
-14620000 Thu5  15 7 1999 18 53 20
-14534000 Thu6  16 7 1999 18 46 40
-14448000 Thu7  17 7 1999 18 40 0
-14362000 CN  18 7 1999 18 33 20
-14276000 Thu2  19 7 1999 18 26 40
-14190000 Thu3  20 7 1999 18 20 0
-14104000 Thu4  21 7 1999 18 13 20
-14018000 Thu5  22 7 1999 18 6 40
-13932000 Thu6  23 7 1999 18 0 0
-13846000 Thu7  24 7 1999 17 53 20
-13760000 CN  25 7 1999 17 46 40
-13674000 Thu2  26 7 1999 17 40 0
-13588000 Thu3  27 7 1999 17 33 20
-13502000 Thu4  28 7 1999 17 26 40
-13416000 Thu5  29 7 1999 17 20 0
-13330000 Thu6  30 7 1999 17 13 20
-13244000 Thu7  31 7 1999 17 6 40
-13158000 CN  1 8 1999 17 0 0
-13072000 Thu2  2 8 1999 16 53 20
-12986000 Thu3  3 8 1999 16 46 40
-12900000 Thu4  4 8 1999 16 40 0
-12814000 Thu5  5 8 1999 16 33 20
-12728000 Thu6  6 8 1999 16 26 40
-12642000 Thu7  7 8 1999 16 20 0
-12556000 CN  8 8 1999 16 13 20
-12470000 Thu2  9 8 1999 16 6 40
-12384000 Thu3  10 8 1999 16 0 0
-12298000 Thu4  11 8 1999 15 53 20
-12212000 Thu5  12 8 1999 15 46 40
-12126000 Thu6  13 8 1999 15 40 0
-12040000 Thu7  14 8 1999 15 33 20
-11954000 CN  15 8 1999 15 26 40
-11868000 Thu2  16 8 1999 15 20 0
-11782000 Thu3  17 8 1999 15 13 20
-11696000 Thu4  18 8 1999 15 6 40
-11610000 Thu5  19 8 1999 15 0 0
-11524000 Thu6  20 8 1999 14 53 20
-11438000 Thu7  21 8 1999 14 46 40
-11352000 CN  22 8 1999 14 40 0
-11266000 Thu2  23 8 1999 14 33 20
-11180000 Thu3  24 8 1999 14 26 40
-11094000 Thu4  25 8 1999 14 20 0
-11008000 Thu5  26 8 1999 14 13 20
-10922000 Thu6  27 8 1999 14 6 40
-10836000 Thu7  28 8 1999 14 0 0
-10750000 CN  29 8 1999 13 53 20
-10664000 Thu2  30 8 1999 13 46 40
-10578000 Thu3  31 8 1999 13 40 0
-10492000 Thu4  1 9 1999 13 33 20
-10406000 Thu5  2 9 1999 13 26 40
-10320000 Thu6  3 9 1999 13 20 0
-10234000 Thu7  4 9 1999 13 13 20
-10148000 CN  5 9 1999 13 6 40
-10062000 Thu2  6 9 1999 13 0 0
-9976000 Thu3  7 9 1999 12 53 20
-9890000 Thu4  8 9 1999 12 46 40
-9804000 Thu5  9 9 1999 12 40 0
-9718000 Thu6  10 9 1999 12 33 20
-9632000 Thu7  11 9 1999 12 26 40
-9546000 CN  12 9 1999 12 20 0
-9460000 Thu2  13 9 1999 12 13 20
-9374000 Thu3  14 9 1999 12 6 40
-9288000 Thu4  15 9 1999 12 0 0
-9202000 Thu5  16 9 1999 11 53 20
-9116000 Thu6  17 9 1999 11 46 40
-9030000 Thu7  18 9 1999 11 40 0
-8944000 CN  19 9 1999 11 33 20
-8858000 Thu2  20 9 1999 11 26 40
-8772000 Thu3  21 9 1999 11 20 0
-8686000 Thu4  22 9 1999 11 13 20
-8600000 Thu5  23 9 1999 11 6 40
-8514000 Thu6  24 9 1999 11 0 0
-8428000 Thu7  25 9 1999 10 53 20
-8342000 CN  26 9 1999 10 46 40
-8256000 Thu2  27 9 1999 10 40 0
-8170000 Thu3  28 9 1999 10 33 20
-8084000 Thu4  29 9 1999 10 26 40
-7998000 Thu5  30 9 1999 10 20 0
-7912000 Thu6  1 10 1999 10 13 20
-7826000 Thu7  2 10 1999 10 6 40
-7740000 CN  3 10 1999 10 0 0
-7654000 Thu2  4 10 1999 9 53 20
-7568000 Thu3  5 10 1999 9 46 40
-7482000 Thu4  6 10 1999 9 40 0
-7396000 Thu5  7 10 1999 9 33 20
-7310000 Thu6  8 10 1999 9 26 40
-7224000 Thu7  9 10 1999 9 20 0
-7138000 CN  10 10 1999 9 13 20
-7052000 Thu2  11 10 1999 9 6 40
-6966000 Thu3  12 10 1999 9 0 0
-6880000 Thu4  13 10 1999 8 53 20
-6794000 Thu5  14 10 1999 8 46 40
-6708000 Thu6  15 10 1999 8 40 0
-6622000 Thu7  16 10 1999 8 33 20
-6536000 CN  17 10 1999 8 26 40
-6450000 Thu2  18 10 1999 8 20 0
-6364000 Thu3  19 10 1999 8 13 20
-6278000 Thu4  20 10 1999 8 6 40
-6192000 Thu5  21 10 1999 8 0 0
-6106000 Thu6  22 10 1999 7 53 20
-6020000 Thu7  23 10 1999 7 46 40
-5934000 CN  24 10 1999 7 40 0
-5848000 Thu2  25 10 1999 7 33 20
-5762000 Thu3  26 10 1999 7 26 40
-5676000 Thu4  27 10 1999 7 20 0
-5590000 Thu5  28 10 1999 7 13 20
-5504000 Thu6  29 10 1999 7 6 40
-5418000 Thu7  30 10 1999 7 0 0
-5332000 CN  31 10 1999 6 53 20
-5246000 Thu2  1 11 1999 6 46 40
-5160000 Thu3  2 11 1999 6 40 0
-5074000 Thu4  3 11 1999 6 33 20
-4988000 Thu5  4 11 1999 6 26 40
-4902000 Thu6  5 11 1999 6 20 0
-4816000 Thu7  6 11 1999 6 13 20
-4730000 CN  7 11 1999 6 6 40
-4644000 Thu2  8 11 1999 6 0 0
-4558000 Thu3  9 11 1999 5 53 20
-4472000 Thu4  10 11 1999 5 46 40
-4386000 Thu5  11 11 1999 5 40 0
-4300000 Thu6  12 11 1999 5 33 20
-4214000 Thu7  13 11 1999 5 26 40
-4128000 CN  14 11 1999 5 20 0
-4042000 Thu2  15 11 1999 5 13 20
-3956000 Thu3  16 11 1999 5 6 40
-3870000 Thu4  17 11 1999 5 0 0
-3784000 Thu5  18 11 1999 4 53 20
-3698000 Thu6  19 11 1999 4 46 40
-3612000 Thu7  20 11 1999 4 40 0
-3526000 CN  21 11 1999 4 33 20
-3440000 Thu2  22 11 1999 4 26 40
-3354000 Thu3  23 11 1999 4 20 0
-3268000 Thu4  24 11 1999 4 13 20
-3182000 Thu5  25 11 1999 4 6 40
-3096000 Thu6  26 11 1999 4 0 0
-3010000 Thu7  27 11 1999 3 53 20
-2924000 CN  28 11 1999 3 46 40
-2838000 Thu2  29 11 1999 3 40 0
-2752000 Thu3  30 11 1999 3 33 20
-2666000 Thu4  1 12 1999 3 26 40
-2580000 Thu5  2 12 1999 3 20 0
-2494000 Thu6  3 12 1999 3 13 20
-2408000 Thu7  4 12 1999 3 6 40
-2322000 CN  5 12 1999 3 0 0
-2236000 Thu2  6 12 1999 2 53 20
-2150000 Thu3  7 12 1999 2 46 40
-2064000 Thu4  8 12 1999 2 40 0
-1978000 Thu5  9 12 1999 2 33 20
-1892000 Thu6  10 12 1999 2 26 40
-1806000 Thu7  11 12 1999 2 20 0
-1720000 CN  12 12 1999 2 13 20
-1634000 Thu2  13 12 1999 2 6 40
-1548000 Thu3  14 12 1999 2 0 0
-1462000 Thu4  15 12 1999 1 53 20
-1376000 Thu5  16 12 1999 1 46 40
-1290000 Thu6  17 12 1999 1 40 0
-1204000 Thu7  18 12 1999 1 33 20
-1118000 CN  19 12 1999 1 26 40
-1032000 Thu2  20 12 1999 1 20 0
-946000 Thu3  21 12 1999 1 13 20
-860000 Thu4  22 12 1999 1 6 40
-774000 Thu5  23 12 1999 1 0 0
-688000 Thu6  24 12 1999 0 53 20
-602000 Thu7  25 12 1999 0 46 40
-516000 CN  26 12 1999 0 40 0
-430000 Thu2  27 12 1999 0 33 20
-344000 Thu3  28 12 1999 0 26 40
-258000 Thu4  29 12 1999 0 20 0
-172000 Thu5  30 12 1999 0 13 20
-86000 Thu6  31 12 1999 0 6 40
